{
 "cells": [
  {
   "cell_type": "code",
   "execution_count": 1,
   "metadata": {},
   "outputs": [],
   "source": [
    "from metabolinks import align, read_aligned_spectra, read_spectra_from_xcel\n",
    "from metabolinks.similarity import mz_similarity"
   ]
  },
  {
   "cell_type": "markdown",
   "metadata": {},
   "source": [
    "### Similarity analysis with data used being the following peak alignments \"Non-Bias\": \n",
    "#### 1 - 1st alignment: min_sample = 1, 2nd alignment: min_sample = 6 - NAME: 1-6\n",
    "#### 2 - 1st alignment: min_sample = 1, 2nd alignment: min_sample = 13 - NAME: 1-13\n",
    "\n",
    "All further changes to code will first be implemented on the original similarity_analysis. This is an altered version of said original.\n",
    "\n",
    "To better understand the functions used outside of normal Python packages, see scaling.py and multianalysis.py where they are better described and try tosay what is happening in each block of code."
   ]
  },
  {
   "cell_type": "markdown",
   "metadata": {},
   "source": [
    "## Similarity analysis\n",
    "\n",
    "aligned_all_neg = negative dataset alignment 1-6 / aligned_neg - binary matrix equivalent\n",
    "\n",
    "aligned_all_pos = positive dataset alignment 1-6 / aligned_pos - binary matrix equivalent\n",
    "\n",
    "aligned_all_neg2 = negative dataset alignment 1-13 / aligned_neg2 - binary matrix equivalent\n",
    "\n",
    "aligned_all_pos2 = positive dataset alignment 1-13 / aligned_pos2 - binary matrix equivalent"
   ]
  },
  {
   "cell_type": "markdown",
   "metadata": {},
   "source": [
    "#### Read aligned data, using peaks that appear in at least 2 samples"
   ]
  },
  {
   "cell_type": "code",
   "execution_count": 2,
   "metadata": {},
   "outputs": [],
   "source": [
    "aligned_all_pos = read_aligned_spectra('aligned_1ppm_min1-6_1ppm_positive.csv', labels=True, sep=',')\n",
    "aligned_all_neg = read_aligned_spectra('aligned_1ppm_min1-6_1ppm_negative.csv', labels=True, sep=',')\n",
    "#print('------ positive mode aligned --------------')\n",
    "#print(aligned_all_pos.info())\n",
    "#print('------ negative mode aligned --------------')\n",
    "#print(aligned_all_neg.info())"
   ]
  },
  {
   "cell_type": "markdown",
   "metadata": {},
   "source": [
    "#### Compute m/z similarities"
   ]
  },
  {
   "cell_type": "code",
   "execution_count": 3,
   "metadata": {},
   "outputs": [],
   "source": [
    "sim_pos = mz_similarity(aligned_all_pos)\n",
    "sim_neg = mz_similarity(aligned_all_neg)"
   ]
  },
  {
   "cell_type": "code",
   "execution_count": 4,
   "metadata": {},
   "outputs": [
    {
     "name": "stdout",
     "output_type": "stream",
     "text": [
      "\n",
      "Sample similarity, counts of common peaks\n",
      "          14   15   16   29   30   31    8    9   10   23  ...    34  10713-1  \\\n",
      "14       339  252  229  213  217  199  210  209  213  162  ...   183       15   \n",
      "15       252  477  270  291  287  286  254  251  257  236  ...   268       17   \n",
      "16       229  270  366  246  239  240  210  212  222  188  ...   214       17   \n",
      "29       213  291  246  652  443  463  259  258  264  319  ...   370       22   \n",
      "30       217  287  239  443  630  417  272  264  261  304  ...   365       23   \n",
      "31       199  286  240  463  417  640  247  262  263  302  ...   373       24   \n",
      "8        210  254  210  259  272  247  427  296  298  204  ...   241       11   \n",
      "9        209  251  212  258  264  262  296  438  314  219  ...   245       19   \n",
      "10       213  257  222  264  261  263  298  314  459  218  ...   266       18   \n",
      "23       162  236  188  319  304  302  204  219  218  763  ...   456       29   \n",
      "24       170  239  192  333  311  320  209  221  228  634  ...   479       28   \n",
      "25       158  232  181  316  305  316  191  218  216  591  ...   475       29   \n",
      "38       189  264  205  385  363  379  243  243  264  503  ...   775       28   \n",
      "39       189  269  212  388  372  392  244  234  262  496  ...   788       24   \n",
      "40       185  263  211  387  366  376  251  250  265  494  ...   777       26   \n",
      "17       172  214  191  212  215  214  201  211  213  189  ...   230       18   \n",
      "18       191  217  197  218  232  213  205  208  224  182  ...   201       16   \n",
      "19       132  151  144  161  156  165  143  144  152  115  ...   149       13   \n",
      "26       209  284  233  389  373  396  236  236  266  317  ...   399       24   \n",
      "27       231  298  257  438  409  416  262  272  276  344  ...   431       24   \n",
      "28       233  310  244  404  392  385  262  280  286  356  ...   400       27   \n",
      "20       160  195  174  188  181  191  172  175  180  155  ...   191       20   \n",
      "21       143  166  152  158  159  157  156  155  165  129  ...   162       19   \n",
      "22       144  168  166  165  170  165  149  148  157  134  ...   160       13   \n",
      "35       185  257  203  372  358  372  230  227  254  467  ...   721       26   \n",
      "36       193  268  206  382  362  379  242  237  267  496  ...   755       27   \n",
      "37       187  256  201  369  368  359  233  234  261  502  ...   766       26   \n",
      "32       198  273  218  370  358  357  233  236  253  449  ...   781       26   \n",
      "33       188  266  223  393  363  389  243  247  265  448  ...   842       29   \n",
      "34       183  268  214  370  365  373  241  245  266  456  ...  1048       27   \n",
      "10713-1   15   17   17   22   23   24   11   19   18   29  ...    27      107   \n",
      "10713-2   13   18   15   21   23   22   13   18   19   25  ...    29       76   \n",
      "10713-3   15   21   19   27   28   27   15   19   24   37  ...    39       80   \n",
      "13514-1    7    7    8   14    9   12    5    7   14   12  ...    21       47   \n",
      "13514-2    6    5    5    8    8    6    4    6    9    9  ...    10       37   \n",
      "13514-3   11   11   10   16   14   14    9    9   13   13  ...    18       55   \n",
      "53211-1   10    8   10   13   11   13    8   13   19   17  ...    15       66   \n",
      "53211-2   10    9    8   15   16   16   12   19   17   20  ...    19       57   \n",
      "53211-3    9    8    8   15   14   13    8   13   14   20  ...    17       62   \n",
      "\n",
      "         10713-2  10713-3  13514-1  13514-2  13514-3  53211-1  53211-2  \\\n",
      "14            13       15        7        6       11       10       10   \n",
      "15            18       21        7        5       11        8        9   \n",
      "16            15       19        8        5       10       10        8   \n",
      "29            21       27       14        8       16       13       15   \n",
      "30            23       28        9        8       14       11       16   \n",
      "31            22       27       12        6       14       13       16   \n",
      "8             13       15        5        4        9        8       12   \n",
      "9             18       19        7        6        9       13       19   \n",
      "10            19       24       14        9       13       19       17   \n",
      "23            25       37       12        9       13       17       20   \n",
      "24            27       38       13        8       12       16       22   \n",
      "25            28       41       15        8       14       15       20   \n",
      "38            27       35       22       10       14       12       15   \n",
      "39            23       34       17       11       15       12       16   \n",
      "40            26       33       20       10       14       16       18   \n",
      "17            17       24       11        8       14       14       13   \n",
      "18            19       19        9        6       10       14       11   \n",
      "19            13       19        9        7        7       11        9   \n",
      "26            17       27       16        9       14       11       16   \n",
      "27            17       28       13        9       14       10       16   \n",
      "28            19       31       15        8       13       11       16   \n",
      "20            21       20        9        8       14       13       13   \n",
      "21            18       20        6        5       10       12       11   \n",
      "22            12       14       10        8       14       12       11   \n",
      "35            25       36       16        7       11       19       21   \n",
      "36            23       35       12        8       12       16       19   \n",
      "37            24       36       18        9       15       18       21   \n",
      "32            26       37       20        7       14       13       18   \n",
      "33            27       38       21        8       14       15       18   \n",
      "34            29       39       21       10       18       15       19   \n",
      "10713-1       76       80       47       37       55       66       57   \n",
      "10713-2      105       85       45       39       54       69       55   \n",
      "10713-3       85      121       51       41       56       68       58   \n",
      "13514-1       45       51       76       40       48       48       39   \n",
      "13514-2       39       41       40       57       43       43       36   \n",
      "13514-3       54       56       48       43       84       58       53   \n",
      "53211-1       69       68       48       43       58       94       70   \n",
      "53211-2       55       58       39       36       53       70       89   \n",
      "53211-3       58       60       40       38       56       68       66   \n",
      "\n",
      "         53211-3  \n",
      "14             9  \n",
      "15             8  \n",
      "16             8  \n",
      "29            15  \n",
      "30            14  \n",
      "31            13  \n",
      "8              8  \n",
      "9             13  \n",
      "10            14  \n",
      "23            20  \n",
      "24            20  \n",
      "25            19  \n",
      "38            14  \n",
      "39            17  \n",
      "40            17  \n",
      "17            11  \n",
      "18            12  \n",
      "19             8  \n",
      "26            12  \n",
      "27            14  \n",
      "28            14  \n",
      "20            14  \n",
      "21            12  \n",
      "22            12  \n",
      "35            19  \n",
      "36            21  \n",
      "37            18  \n",
      "32            20  \n",
      "33            17  \n",
      "34            17  \n",
      "10713-1       62  \n",
      "10713-2       58  \n",
      "10713-3       60  \n",
      "13514-1       40  \n",
      "13514-2       38  \n",
      "13514-3       56  \n",
      "53211-1       68  \n",
      "53211-2       66  \n",
      "53211-3       90  \n",
      "\n",
      "[39 rows x 39 columns]\n",
      "\n",
      "Sample similarity, Jaccard indexes\n",
      "               14        15        16        29        30        31         8  \\\n",
      "14       1.000000  0.446809  0.481092  0.273779  0.288564  0.255128  0.377698   \n",
      "15       0.446809  1.000000  0.471204  0.347255  0.350000  0.344164  0.390769   \n",
      "16       0.481092  0.471204  1.000000  0.318653  0.315720  0.313316  0.360206   \n",
      "29       0.273779  0.347255  0.318653  1.000000  0.528010  0.558504  0.315854   \n",
      "30       0.288564  0.350000  0.315720  0.528010  1.000000  0.488863  0.346497   \n",
      "31       0.255128  0.344164  0.313316  0.558504  0.488863  1.000000  0.301220   \n",
      "8        0.377698  0.390769  0.360206  0.315854  0.346497  0.301220  1.000000   \n",
      "9        0.367958  0.378012  0.358108  0.310096  0.328358  0.321078  0.520211   \n",
      "10       0.364103  0.378498  0.368159  0.311688  0.315217  0.314593  0.506803   \n",
      "23       0.172340  0.235060  0.199787  0.291058  0.279155  0.274296  0.206897   \n",
      "24       0.175620  0.230473  0.197328  0.297853  0.278175  0.285970  0.205506   \n",
      "25       0.164071  0.225901  0.187177  0.282648  0.275519  0.285714  0.187623   \n",
      "38       0.149881  0.199396  0.161164  0.279390  0.263425  0.276239  0.187645   \n",
      "39       0.147772  0.201197  0.165238  0.278536  0.268205  0.284677  0.185976   \n",
      "40       0.147410  0.200000  0.167994  0.283309  0.268132  0.275458  0.196554   \n",
      "17       0.319703  0.337539  0.349817  0.261406  0.273537  0.268507  0.336683   \n",
      "18       0.379722  0.352846  0.375954  0.276299  0.308101  0.272379  0.355286   \n",
      "19       0.302752  0.272072  0.319290  0.223611  0.221906  0.234375  0.278752   \n",
      "26       0.266242  0.334906  0.295685  0.423747  0.408991  0.440489  0.278960   \n",
      "27       0.272727  0.324619  0.303066  0.459601  0.426042  0.431983  0.289823   \n",
      "28       0.293821  0.362998  0.301607  0.432086  0.423784  0.408705  0.307512   \n",
      "20       0.329218  0.331070  0.348697  0.243839  0.239418  0.252646  0.306050   \n",
      "21       0.315673  0.292254  0.322718  0.210386  0.218407  0.212162  0.295455   \n",
      "22       0.322148  0.299465  0.367257  0.223275  0.238764  0.226960  0.281132   \n",
      "35       0.155462  0.204618  0.169308  0.282675  0.273700  0.285276  0.186537   \n",
      "36       0.153907  0.203493  0.162461  0.277213  0.263081  0.276844  0.187162   \n",
      "37       0.151540  0.196470  0.161187  0.270330  0.273810  0.263390  0.182602   \n",
      "32       0.172926  0.225993  0.189236  0.287714  0.280564  0.277389  0.194491   \n",
      "33       0.154988  0.208955  0.185062  0.297502  0.273138  0.296268  0.195024   \n",
      "34       0.151993  0.213206  0.178333  0.278195  0.277989  0.283650  0.195300   \n",
      "10713-1  0.034803  0.029982  0.037281  0.029851  0.032213  0.033195  0.021033   \n",
      "10713-2  0.030162  0.031915  0.032895  0.028533  0.032303  0.030429  0.025048   \n",
      "10713-3  0.033708  0.036395  0.040598  0.036193  0.038728  0.036785  0.028143   \n",
      "13514-1  0.017157  0.012821  0.018433  0.019608  0.012912  0.017045  0.010040   \n",
      "13514-2  0.015385  0.009452  0.011962  0.011412  0.011782  0.008683  0.008333   \n",
      "13514-3  0.026699  0.020000  0.022727  0.022222  0.020000  0.019718  0.017928   \n",
      "53211-1  0.023641  0.014210  0.022222  0.017735  0.015428  0.018031  0.015595   \n",
      "53211-2  0.023923  0.016158  0.017897  0.020661  0.022760  0.022440  0.023810   \n",
      "53211-3  0.021429  0.014311  0.017857  0.020633  0.019830  0.018131  0.015717   \n",
      "\n",
      "                9        10        23  ...        34   10713-1   10713-2  \\\n",
      "14       0.367958  0.364103  0.172340  ...  0.151993  0.034803  0.030162   \n",
      "15       0.378012  0.378498  0.235060  ...  0.213206  0.029982  0.031915   \n",
      "16       0.358108  0.368159  0.199787  ...  0.178333  0.037281  0.032895   \n",
      "29       0.310096  0.311688  0.291058  ...  0.278195  0.029851  0.028533   \n",
      "30       0.328358  0.315217  0.279155  ...  0.277989  0.032213  0.032303   \n",
      "31       0.321078  0.314593  0.274296  ...  0.283650  0.033195  0.030429   \n",
      "8        0.520211  0.506803  0.206897  ...  0.195300  0.021033  0.025048   \n",
      "9        1.000000  0.538593  0.223014  ...  0.197421  0.036122  0.034286   \n",
      "10       0.538593  1.000000  0.217131  ...  0.214343  0.032847  0.034862   \n",
      "23       0.223014  0.217131  1.000000  ...  0.336531  0.034483  0.029656   \n",
      "24       0.217520  0.221359  0.683190  ...  0.350146  0.031891  0.030787   \n",
      "25       0.217565  0.210732  0.619497  ...  0.350554  0.033721  0.032596   \n",
      "38       0.186064  0.202144  0.366885  ...  0.559971  0.023529  0.022708   \n",
      "39       0.175544  0.197587  0.355301  ...  0.567315  0.019802  0.018993   \n",
      "40       0.193949  0.204633  0.360584  ...  0.566327  0.021997  0.022034   \n",
      "17       0.352843  0.345219  0.200000  ...  0.193440  0.039130  0.037037   \n",
      "18       0.355556  0.379661  0.194444  ...  0.167221  0.035874  0.043084   \n",
      "19       0.275335  0.283582  0.131129  ...  0.132092  0.040248  0.040498   \n",
      "26       0.275379  0.313679  0.287920  ...  0.305982  0.032520  0.022880   \n",
      "27       0.300552  0.299349  0.297064  ...  0.317847  0.029197  0.020556   \n",
      "28       0.331361  0.332558  0.325411  ...  0.299625  0.035202  0.024580   \n",
      "20       0.307018  0.307167  0.169399  ...  0.164089  0.050761  0.053708   \n",
      "21       0.287037  0.299456  0.144781  ...  0.141732  0.055072  0.052326   \n",
      "22       0.273063  0.283394  0.152100  ...  0.140351  0.037572  0.034783   \n",
      "35       0.182037  0.204674  0.350601  ...  0.528980  0.023277  0.022401   \n",
      "36       0.181054  0.205385  0.360727  ...  0.538901  0.022727  0.019328   \n",
      "37       0.181960  0.203906  0.373790  ...  0.561584  0.022356  0.020636   \n",
      "32       0.195688  0.209091  0.340668  ...  0.614477  0.023963  0.024007   \n",
      "33       0.197127  0.210987  0.325345  ...  0.664038  0.025439  0.023684   \n",
      "34       0.197421  0.214343  0.336531  ...  1.000000  0.023936  0.025801   \n",
      "10713-1  0.036122  0.032847  0.034483  ...  0.023936  1.000000  0.558824   \n",
      "10713-2  0.034286  0.034862  0.029656  ...  0.025801  0.558824  1.000000   \n",
      "10713-3  0.035185  0.043165  0.043684  ...  0.034513  0.540541  0.602837   \n",
      "13514-1  0.013807  0.026871  0.014510  ...  0.019039  0.345588  0.330882   \n",
      "13514-2  0.012270  0.017751  0.011097  ...  0.009132  0.291339  0.317073   \n",
      "13514-3  0.017544  0.024528  0.015588  ...  0.016158  0.404412  0.400000   \n",
      "53211-1  0.025048  0.035581  0.020238  ...  0.013310  0.488889  0.530769   \n",
      "53211-2  0.037402  0.032015  0.024038  ...  0.016995  0.410072  0.395683   \n",
      "53211-3  0.025243  0.026168  0.024010  ...  0.015165  0.459259  0.423358   \n",
      "\n",
      "          10713-3   13514-1   13514-2   13514-3   53211-1   53211-2   53211-3  \n",
      "14       0.033708  0.017157  0.015385  0.026699  0.023641  0.023923  0.021429  \n",
      "15       0.036395  0.012821  0.009452  0.020000  0.014210  0.016158  0.014311  \n",
      "16       0.040598  0.018433  0.011962  0.022727  0.022222  0.017897  0.017857  \n",
      "29       0.036193  0.019608  0.011412  0.022222  0.017735  0.020661  0.020633  \n",
      "30       0.038728  0.012912  0.011782  0.020000  0.015428  0.022760  0.019830  \n",
      "31       0.036785  0.017045  0.008683  0.019718  0.018031  0.022440  0.018131  \n",
      "8        0.028143  0.010040  0.008333  0.017928  0.015595  0.023810  0.015717  \n",
      "9        0.035185  0.013807  0.012270  0.017544  0.025048  0.037402  0.025243  \n",
      "10       0.043165  0.026871  0.017751  0.024528  0.035581  0.032015  0.026168  \n",
      "23       0.043684  0.014510  0.011097  0.015588  0.020238  0.024038  0.024010  \n",
      "24       0.043084  0.015081  0.009434  0.013777  0.018244  0.025404  0.023015  \n",
      "25       0.047564  0.017794  0.009627  0.016432  0.017422  0.023502  0.022274  \n",
      "38       0.029240  0.018884  0.008636  0.011854  0.010059  0.012658  0.011794  \n",
      "39       0.027961  0.014310  0.009362  0.012521  0.009909  0.013311  0.014143  \n",
      "40       0.027754  0.017286  0.008711  0.011956  0.013571  0.015358  0.014480  \n",
      "17       0.051282  0.025229  0.019048  0.031746  0.031042  0.029083  0.024444  \n",
      "18       0.041575  0.021327  0.014778  0.023310  0.032184  0.025404  0.027714  \n",
      "19       0.057402  0.030405  0.025090  0.022876  0.035256  0.029126  0.025723  \n",
      "26       0.036048  0.022378  0.012802  0.019310  0.014905  0.021978  0.016371  \n",
      "27       0.033654  0.016209  0.011436  0.017305  0.012151  0.019704  0.017178  \n",
      "28       0.039897  0.020053  0.010870  0.017150  0.014286  0.021053  0.018349  \n",
      "20       0.049020  0.024064  0.022472  0.037135  0.033505  0.033943  0.036554  \n",
      "21       0.055866  0.018349  0.016181  0.030211  0.035398  0.032836  0.035821  \n",
      "22       0.038997  0.031447  0.026578  0.043478  0.035928  0.033333  0.036364  \n",
      "35       0.032114  0.014599  0.006446  0.009919  0.017102  0.019022  0.017164  \n",
      "36       0.029313  0.010239  0.006914  0.010169  0.013491  0.016129  0.017842  \n",
      "37       0.030848  0.015789  0.007965  0.013032  0.015544  0.018261  0.015598  \n",
      "32       0.034007  0.018868  0.006641  0.013035  0.011982  0.016744  0.018622  \n",
      "33       0.033188  0.018800  0.007201  0.012367  0.013146  0.015887  0.014978  \n",
      "34       0.034513  0.019039  0.009132  0.016158  0.013310  0.016995  0.015165  \n",
      "10713-1  0.540541  0.345588  0.291339  0.404412  0.488889  0.410072  0.459259  \n",
      "10713-2  0.602837  0.330882  0.317073  0.400000  0.530769  0.395683  0.423358  \n",
      "10713-3  1.000000  0.349315  0.299270  0.375839  0.462585  0.381579  0.397351  \n",
      "13514-1  0.349315  1.000000  0.430108  0.428571  0.393443  0.309524  0.317460  \n",
      "13514-2  0.299270  0.430108  1.000000  0.438776  0.398148  0.327273  0.348624  \n",
      "13514-3  0.375839  0.428571  0.438776  1.000000  0.483333  0.441667  0.474576  \n",
      "53211-1  0.462585  0.393443  0.398148  0.483333  1.000000  0.619469  0.586207  \n",
      "53211-2  0.381579  0.309524  0.327273  0.441667  0.619469  1.000000  0.584071  \n",
      "53211-3  0.397351  0.317460  0.348624  0.474576  0.586207  0.584071  1.000000  \n",
      "\n",
      "[39 rows x 39 columns]\n",
      "\n",
      "Label similarity, counts of common peaks\n",
      "     CAN   CS  LAB    PN   REG  RIP    RL  ROT    RU   TRI  CFN  CHT   SB\n",
      "CAN  625  443  403   343   385  352   454  300   372   395   41   23   20\n",
      "CS   443  953  458   527   638  375   697  306   631   649   57   34   35\n",
      "LAB  403  458  670   365   421  356   470  289   414   428   44   25   33\n",
      "PN   343  527  365  1024   786  307   575  240   776   748   62   28   40\n",
      "REG  385  638  421   786  1360  340   706  268  1135  1125   64   37   40\n",
      "RIP  352  375  356   307   340  558   390  293   340   348   45   27   27\n",
      "RL   454  697  470   575   706  390  1027  314   707   712   57   34   33\n",
      "ROT  300  306  289   240   268  293   314  449   274   290   42   28   27\n",
      "RU   372  631  414   776  1135  340   707  274  1350  1107   60   35   41\n",
      "TRI  395  649  428   748  1125  348   712  290  1107  1343   61   39   39\n",
      "CFN   41   57   44    62    64   45    57   42    60    61  161   82   87\n",
      "CHT   23   34   25    28    37   27    34   28    35    39   82  117   76\n",
      "SB    20   35   33    40    40   27    33   27    41    39   87   76  129\n",
      "\n",
      "Label similarity, Jaccard indexes\n",
      "          CAN        CS       LAB        PN       REG       RIP        RL  \\\n",
      "CAN  1.000000  0.390308  0.451794  0.262634  0.240625  0.423586  0.378965   \n",
      "CS   0.390308  1.000000  0.393133  0.363448  0.380896  0.330106  0.543258   \n",
      "LAB  0.451794  0.393133  1.000000  0.274643  0.261653  0.408257  0.383048   \n",
      "PN   0.262634  0.363448  0.274643  1.000000  0.491865  0.240784  0.389566   \n",
      "REG  0.240625  0.380896  0.261653  0.491865  1.000000  0.215463  0.419988   \n",
      "RIP  0.423586  0.330106  0.408257  0.240784  0.215463  1.000000  0.326360   \n",
      "RL   0.378965  0.543258  0.383048  0.389566  0.419988  0.326360  1.000000   \n",
      "ROT  0.387597  0.279197  0.348193  0.194647  0.173913  0.410364  0.270224   \n",
      "RU   0.232065  0.377392  0.257783  0.485607  0.720635  0.216837  0.423353   \n",
      "TRI  0.251113  0.394050  0.270032  0.462014  0.712928  0.224082  0.429433   \n",
      "CFN  0.055034  0.053926  0.055909  0.055209  0.043926  0.066766  0.050398   \n",
      "CHT  0.031989  0.032819  0.032808  0.025157  0.025694  0.041667  0.030631   \n",
      "SB   0.027248  0.033429  0.043081  0.035939  0.027605  0.040909  0.029386   \n",
      "\n",
      "          ROT        RU       TRI       CFN       CHT        SB  \n",
      "CAN  0.387597  0.232065  0.251113  0.055034  0.031989  0.027248  \n",
      "CS   0.279197  0.377392  0.394050  0.053926  0.032819  0.033429  \n",
      "LAB  0.348193  0.257783  0.270032  0.055909  0.032808  0.043081  \n",
      "PN   0.194647  0.485607  0.462014  0.055209  0.025157  0.035939  \n",
      "REG  0.173913  0.720635  0.712928  0.043926  0.025694  0.027605  \n",
      "RIP  0.410364  0.216837  0.224082  0.066766  0.041667  0.040909  \n",
      "RL   0.270224  0.423353  0.429433  0.050398  0.030631  0.029386  \n",
      "ROT  1.000000  0.179672  0.193076  0.073944  0.052045  0.049002  \n",
      "RU   0.179672  1.000000  0.697982  0.041351  0.024441  0.028512  \n",
      "TRI  0.193076  0.697982  1.000000  0.042273  0.027445  0.027216  \n",
      "CFN  0.073944  0.041351  0.042273  1.000000  0.418367  0.428571  \n",
      "CHT  0.052045  0.024441  0.027445  0.418367  1.000000  0.447059  \n",
      "SB   0.049002  0.028512  0.027216  0.428571  0.447059  1.000000  \n"
     ]
    }
   ],
   "source": [
    "print(sim_pos)"
   ]
  },
  {
   "cell_type": "code",
   "execution_count": 5,
   "metadata": {},
   "outputs": [
    {
     "name": "stdout",
     "output_type": "stream",
     "text": [
      "\n",
      "Sample similarity, counts of common peaks\n",
      "          14   15   16   29   30   31    8    9   10   23  ...   34  10713-1  \\\n",
      "14       350  236  276  195  191  178  171  185  186   73  ...  157        5   \n",
      "15       236  277  188  135  128  119  153  164  167   26  ...  160        7   \n",
      "16       276  188  321  183  180  167  182  200  195   86  ...  156        5   \n",
      "29       195  135  183  503  470  437  137  144  143  124  ...  257       16   \n",
      "30       191  128  180  470  526  446  139  147  143  128  ...  274       25   \n",
      "31       178  119  167  437  446  479  123  128  128  130  ...  228       24   \n",
      "8        171  153  182  137  139  123  353  311  316   51  ...  141        4   \n",
      "9        185  164  200  144  147  128  311  365  325   57  ...  148        5   \n",
      "10       186  167  195  143  143  128  316  325  372   57  ...  151        4   \n",
      "23        73   26   86  124  128  130   51   57   57  202  ...   22       13   \n",
      "24        87   36  101  136  141  142   66   70   70  189  ...   32       13   \n",
      "25        89   35  101  142  146  149   62   68   68  190  ...   35       10   \n",
      "38       135  130  128  284  304  268  125  129  123   38  ...  320       20   \n",
      "39       120  115  110  211  227  200  111  113  112   39  ...  289       20   \n",
      "40       148  142  138  218  228  205  133  134  139   42  ...  311       22   \n",
      "17       196  184  175  117  118  101  161  178  174   30  ...  152        3   \n",
      "18       165  156  137  127  127  115  154  154  156   33  ...  123        4   \n",
      "19       156  140  134  122  121  113  151  161  153   37  ...  114        3   \n",
      "26       121  104  110  331  351  317  172  161  169   84  ...  239       16   \n",
      "27       116   99  108  268  277  273  113  120  114   54  ...  216       17   \n",
      "28       112   95  102  305  308  302  168  155  166   84  ...  191       15   \n",
      "20       189  156  135  137  139  126  147  158  155   35  ...  117        5   \n",
      "21       147  117  107   98  100   96  114  125  120   38  ...   88        4   \n",
      "22       153  123  119  109  112  106  123  137  131   39  ...   96        4   \n",
      "35       135  138  133  157  163  144  207  199  210   24  ...  260       20   \n",
      "36       133  134  131  189  195  164  119  126  124   24  ...  296       20   \n",
      "37       144  149  147  189  200  166  215  207  217   26  ...  320       21   \n",
      "32       114  111  108  164  168  157  101  101  105   30  ...  271       22   \n",
      "33       147  154  147  172  194  146  214  206  221   20  ...  310       12   \n",
      "34       157  160  156  257  274  228  141  148  151   22  ...  485       21   \n",
      "10713-1    5    7    5   16   25   24    4    5    4   13  ...   21       77   \n",
      "10713-2   10   13    8   28   34   38    8   10    8   16  ...   29       56   \n",
      "10713-3   11   13   10   27   33   35    7    9    9   22  ...   27       73   \n",
      "13514-1   36   15   33   40   46   46    5    6    4   35  ...   31       63   \n",
      "13514-2   23   13   23   35   41   41    9   10    9   31  ...   29       56   \n",
      "13514-3   44   13   41   49   55   57    9   10    8   48  ...   30       62   \n",
      "53211-1   11   13   11   29   33   37    7    9    7   21  ...   37       61   \n",
      "53211-2    8    9    9   19   27   24    7    9    7   18  ...   31       59   \n",
      "53211-3   36   13   36   57   64   62   12   15   14   49  ...   35       54   \n",
      "\n",
      "         10713-2  10713-3  13514-1  13514-2  13514-3  53211-1  53211-2  \\\n",
      "14            10       11       36       23       44       11        8   \n",
      "15            13       13       15       13       13       13        9   \n",
      "16             8       10       33       23       41       11        9   \n",
      "29            28       27       40       35       49       29       19   \n",
      "30            34       33       46       41       55       33       27   \n",
      "31            38       35       46       41       57       37       24   \n",
      "8              8        7        5        9        9        7        7   \n",
      "9             10        9        6       10       10        9        9   \n",
      "10             8        9        4        9        8        7        7   \n",
      "23            16       22       35       31       48       21       18   \n",
      "24            17       23       32       27       47       21       18   \n",
      "25            16       20       32       28       45       17       15   \n",
      "38            31       30       30       31       31       34       26   \n",
      "39            28       27       30       30       29       32       25   \n",
      "40            32       30       29       31       29       33       26   \n",
      "17             8        4        8        8        9        5        3   \n",
      "18             9        6        8       10       12        6        4   \n",
      "19             7        4        5        6        7        4        3   \n",
      "26            26       27       23       29       25       25       21   \n",
      "27            28       23       28       30       26       24       20   \n",
      "28            25       24       24       29       25       22       17   \n",
      "20             8        6        6       11       11        8        8   \n",
      "21             8        5        6       12        9        6        7   \n",
      "22             8        5        6       12       10        6        7   \n",
      "35            26       25       33       29       30       31       26   \n",
      "36            26       25       29       29       28       31       24   \n",
      "37            28       30       33       35       34       34       31   \n",
      "32            28       27       26       26       23       34       30   \n",
      "33            14       20       22       23       25       26       17   \n",
      "34            29       27       31       29       30       37       31   \n",
      "10713-1       56       73       63       56       62       61       59   \n",
      "10713-2      103       79       72       72       71       70       61   \n",
      "10713-3       79      116       88       78       88       86       75   \n",
      "13514-1       72       88      143      111      123       91       80   \n",
      "13514-2       72       78      111      130      110       81       75   \n",
      "13514-3       71       88      123      110      154       93       79   \n",
      "53211-1       70       86       91       81       93      125       91   \n",
      "53211-2       61       75       80       75       79       91      105   \n",
      "53211-3       68       76      100       85      104       94       89   \n",
      "\n",
      "         53211-3  \n",
      "14            36  \n",
      "15            13  \n",
      "16            36  \n",
      "29            57  \n",
      "30            64  \n",
      "31            62  \n",
      "8             12  \n",
      "9             15  \n",
      "10            14  \n",
      "23            49  \n",
      "24            49  \n",
      "25            46  \n",
      "38            31  \n",
      "39            30  \n",
      "40            28  \n",
      "17             5  \n",
      "18             9  \n",
      "19             8  \n",
      "26            36  \n",
      "27            27  \n",
      "28            30  \n",
      "20            12  \n",
      "21            10  \n",
      "22             9  \n",
      "35            38  \n",
      "36            34  \n",
      "37            40  \n",
      "32            34  \n",
      "33            26  \n",
      "34            35  \n",
      "10713-1       54  \n",
      "10713-2       68  \n",
      "10713-3       76  \n",
      "13514-1      100  \n",
      "13514-2       85  \n",
      "13514-3      104  \n",
      "53211-1       94  \n",
      "53211-2       89  \n",
      "53211-3      155  \n",
      "\n",
      "[39 rows x 39 columns]\n",
      "\n",
      "Sample similarity, Jaccard indexes\n",
      "               14        15        16        29        30        31         8  \\\n",
      "14       1.000000  0.603581  0.698734  0.296353  0.278832  0.273425  0.321429   \n",
      "15       0.603581  1.000000  0.458537  0.209302  0.189630  0.186813  0.320755   \n",
      "16       0.698734  0.458537  1.000000  0.285491  0.269865  0.263823  0.369919   \n",
      "29       0.296353  0.209302  0.285491  1.000000  0.840787  0.801835  0.190542   \n",
      "30       0.278832  0.189630  0.269865  0.840787  1.000000  0.797853  0.187838   \n",
      "31       0.273425  0.186813  0.263823  0.801835  0.797853  1.000000  0.173484   \n",
      "8        0.321429  0.320755  0.369919  0.190542  0.187838  0.173484  1.000000   \n",
      "9        0.349057  0.343096  0.411523  0.198895  0.197581  0.178771  0.764128   \n",
      "10       0.347015  0.346473  0.391566  0.195355  0.189404  0.177040  0.772616   \n",
      "23       0.152401  0.057395  0.196796  0.213425  0.213333  0.235935  0.101190   \n",
      "24       0.177189  0.076759  0.225446  0.228571  0.230016  0.251327  0.128155   \n",
      "25       0.182377  0.074627  0.225951  0.241497  0.240527  0.267504  0.119691   \n",
      "38       0.204545  0.219595  0.200627  0.427711  0.455772  0.408537  0.185736   \n",
      "39       0.158730  0.167151  0.149254  0.257946  0.275152  0.248447  0.144531   \n",
      "40       0.197333  0.207906  0.188782  0.261705  0.269504  0.249392  0.173177   \n",
      "17       0.445455  0.485488  0.405093  0.174107  0.170029  0.152108  0.336820   \n",
      "18       0.364238  0.401028  0.303097  0.197205  0.190405  0.181962  0.329764   \n",
      "19       0.345133  0.354430  0.301124  0.190923  0.182504  0.181090  0.328261   \n",
      "26       0.167127  0.155689  0.155807  0.496252  0.523881  0.482496  0.254438   \n",
      "27       0.190789  0.179348  0.183986  0.440066  0.444623  0.470690  0.184039   \n",
      "28       0.162084  0.149606  0.151786  0.468510  0.459016  0.479365  0.263323   \n",
      "20       0.446809  0.407311  0.301339  0.218153  0.214176  0.204878  0.314103   \n",
      "21       0.352518  0.312834  0.250000  0.158320  0.156250  0.160804  0.251656   \n",
      "22       0.358314  0.320312  0.275463  0.174679  0.173913  0.175788  0.267391   \n",
      "35       0.171320  0.193820  0.174770  0.170838  0.174145  0.158590  0.287900   \n",
      "36       0.180217  0.201807  0.184248  0.226347  0.228873  0.196172  0.157616   \n",
      "37       0.171225  0.195282  0.181706  0.199157  0.208117  0.175105  0.278137   \n",
      "32       0.167647  0.181967  0.164384  0.209451  0.209476  0.204961  0.145115   \n",
      "33       0.186312  0.217207  0.193421  0.187568  0.211329  0.158868  0.295172   \n",
      "34       0.231563  0.265781  0.240000  0.351573  0.371777  0.309783  0.202296   \n",
      "10713-1  0.011848  0.020173  0.012723  0.028369  0.043253  0.045113  0.009390   \n",
      "10713-2  0.022573  0.035422  0.019231  0.048443  0.057143  0.069853  0.017857   \n",
      "10713-3  0.024176  0.034211  0.023419  0.045608  0.054187  0.062500  0.015152   \n",
      "13514-1  0.078775  0.037037  0.076566  0.066007  0.073836  0.079861  0.010183   \n",
      "13514-2  0.050328  0.032995  0.053738  0.058528  0.066667  0.072183  0.018987   \n",
      "13514-3  0.095652  0.031100  0.094470  0.080592  0.088000  0.098958  0.018072   \n",
      "53211-1  0.023707  0.033419  0.025287  0.048414  0.053398  0.065256  0.014862   \n",
      "53211-2  0.017897  0.024129  0.021583  0.032258  0.044702  0.042857  0.015521   \n",
      "53211-3  0.076759  0.031026  0.081818  0.094842  0.103728  0.108392  0.024194   \n",
      "\n",
      "                9        10        23  ...        34   10713-1   10713-2  \\\n",
      "14       0.349057  0.347015  0.152401  ...  0.231563  0.011848  0.022573   \n",
      "15       0.343096  0.346473  0.057395  ...  0.265781  0.020173  0.035422   \n",
      "16       0.411523  0.391566  0.196796  ...  0.240000  0.012723  0.019231   \n",
      "29       0.198895  0.195355  0.213425  ...  0.351573  0.028369  0.048443   \n",
      "30       0.197581  0.189404  0.213333  ...  0.371777  0.043253  0.057143   \n",
      "31       0.178771  0.177040  0.235935  ...  0.309783  0.045113  0.069853   \n",
      "8        0.764128  0.772616  0.101190  ...  0.202296  0.009390  0.017857   \n",
      "9        1.000000  0.788835  0.111765  ...  0.210826  0.011442  0.021834   \n",
      "10       0.788835  1.000000  0.110251  ...  0.213881  0.008989  0.017131   \n",
      "23       0.111765  0.110251  1.000000  ...  0.033083  0.048872  0.055363   \n",
      "24       0.133843  0.132075  0.784232  ...  0.046990  0.044521  0.054140   \n",
      "25       0.129771  0.128060  0.794979  ...  0.051699  0.034014  0.050955   \n",
      "38       0.189427  0.177233  0.062397  ...  0.524590  0.039841  0.059961   \n",
      "39       0.145244  0.142494  0.056604  ...  0.400277  0.034305  0.046589   \n",
      "40       0.172015  0.177977  0.059322  ...  0.430748  0.036484  0.051696   \n",
      "17       0.376321  0.359504  0.065502  ...  0.245557  0.008333  0.020997   \n",
      "18       0.321503  0.322314  0.075515  ...  0.195238  0.011730  0.024862   \n",
      "19       0.348485  0.320755  0.087470  ...  0.181240  0.009036  0.019774   \n",
      "26       0.230329  0.242120  0.137031  ...  0.322537  0.028777  0.045455   \n",
      "27       0.193861  0.180380  0.103448  ...  0.335925  0.039171  0.062361   \n",
      "28       0.233786  0.251897  0.147110  ...  0.255689  0.029126  0.047081   \n",
