{
 "cells": [
  {
   "cell_type": "code",
   "execution_count": 1,
   "metadata": {
    "collapsed": false
   },
   "outputs": [
    {
     "name": "stderr",
     "output_type": "stream",
     "text": [
      "C:\\Users\\francisco\\Anaconda3\\lib\\site-packages\\pandas\\compat\\_optional.py:106: UserWarning: Pandas requires version '1.2.1' or newer of 'bottleneck' (version '1.2.0' currently installed).\n",
      "  warnings.warn(msg, UserWarning)\n"
     ]
    }
   ],
   "source": [
    "from metabolinks import align, read_aligned_spectra, read_spectra_from_xcel\n",
    "from metabolinks.similarity import mz_similarity\n",
    "#This and another later warning appears since I messed up my package versions in anaconda. It doesn't affect anything here."
   ]
  },
  {
   "cell_type": "markdown",
   "metadata": {},
   "source": [
    "### Similarity analysis with 2nd data used being the following peak alignment: \n",
    "#### 1st alignment: min_sample = 1, 2nd alignment: min_sample = 5 - NAME: 1-6\n",
    "\n",
    "All further changes to code will first be implemented on the original similarity_analysis. This is an altered version of said original.\n",
    "\n",
    "Coloured labels in dendrograms that have the 39 samples."
   ]
  },
  {
   "cell_type": "markdown",
   "metadata": {},
   "source": [
    "## Similarity analysis"
   ]
  },
  {
   "cell_type": "markdown",
   "metadata": {},
   "source": [
    "#### Read aligned data, using peaks that appear in at least 2 samples"
   ]
  },
  {
   "cell_type": "code",
   "execution_count": 2,
   "metadata": {
    "collapsed": true
   },
   "outputs": [],
   "source": [
    "aligned_all_pos = read_aligned_spectra('aligned_1ppm_min2_1ppm_positive.csv', labels=True, sep=',')\n",
    "aligned_all_neg = read_aligned_spectra('aligned_1ppm_min2_1ppm_negative.csv', labels=True, sep=',')\n",
    "#print('------ positive mode aligned --------------')\n",
    "#print(aligned_all_pos.info())\n",
    "#print('------ negative mode aligned --------------')\n",
    "#print(aligned_all_neg.info())"
   ]
  },
  {
   "cell_type": "markdown",
   "metadata": {},
   "source": [
    "#### Compute m/z similarities"
   ]
  },
  {
   "cell_type": "code",
   "execution_count": 3,
   "metadata": {
    "collapsed": false
   },
   "outputs": [],
   "source": [
    "sim_pos = mz_similarity(aligned_all_pos)\n",
    "sim_neg = mz_similarity(aligned_all_neg)"
   ]
  },
  {
   "cell_type": "code",
   "execution_count": 4,
   "metadata": {
    "collapsed": false
   },
   "outputs": [
    {
     "name": "stdout",
     "output_type": "stream",
     "text": [
      "\n",
      "Sample similarity, counts of common peaks\n",
      "          14   15   16   29   30   31    8    9   10    23  ...    34  \\\n",
      "14       330  277  253  202  200  195  207  214  207   152  ...   175   \n",
      "15       277  379  302  233  232  224  227  231  223   179  ...   201   \n",
      "16       253  302  355  222  222  218  212  212  208   164  ...   189   \n",
      "29       202  233  222  667  514  526  230  233  235   308  ...   351   \n",
      "30       200  232  222  514  612  471  236  236  235   284  ...   326   \n",
      "31       195  224  218  526  471  624  232  237  239   294  ...   338   \n",
      "8        207  227  212  230  236  232  489  399  369   182  ...   205   \n",
      "9        214  231  212  233  236  237  399  501  381   184  ...   218   \n",
      "10       207  223  208  235  235  239  369  381  471   181  ...   221   \n",
      "23       152  179  164  308  284  294  182  184  181  1487  ...   431   \n",
      "24       151  176  162  308  286  297  187  190  188  1246  ...   443   \n",
      "25       146  174  159  296  269  286  177  179  180  1095  ...   429   \n",
      "38       179  201  185  360  322  343  209  215  221   498  ...   767   \n",
      "39       184  208  190  365  334  353  216  220  228   500  ...   768   \n",
      "40       180  201  187  356  323  344  215  224  229   500  ...   768   \n",
      "17       155  175  171  175  182  178  183  185  190   153  ...   168   \n",
      "18       156  172  167  175  176  174  177  180  187   153  ...   157   \n",
      "19       121  133  135  139  143  144  133  135  138   114  ...   127   \n",
      "26       206  237  229  382  368  372  227  229  231   312  ...   359   \n",
      "27       214  247  233  405  381  379  236  239  238   332  ...   371   \n",
      "28       211  239  229  388  376  367  233  241  244   334  ...   371   \n",
      "20       133  146  148  162  162  166  148  147  152   127  ...   151   \n",
      "21       132  143  146  148  149  150  152  147  155   118  ...   141   \n",
      "22       129  143  147  153  154  150  138  141  141   118  ...   137   \n",
      "35       177  200  187  364  338  360  195  208  216   484  ...   702   \n",
      "36       184  204  189  361  337  355  200  210  218   490  ...   732   \n",
      "37       178  199  187  351  332  343  197  212  216   494  ...   736   \n",
      "32       183  206  197  354  323  344  205  217  223   440  ...   934   \n",
      "33       183  210  198  360  328  349  207  219  226   451  ...  1048   \n",
      "34       175  201  189  351  326  338  205  218  221   431  ...  1249   \n",
      "10713-1   12   11   11   15   14   15   10   12   12    15  ...    19   \n",
      "10713-2   12   12   11   15   15   16   10   11   11    19  ...    19   \n",
      "10713-3   12   12   11   17   17   18    9   12   12    22  ...    24   \n",
      "13514-1    3    5    5    7    7    7    4    4    5     8  ...    10   \n",
      "13514-2    2    3    3    5    5    5    4    4    4     5  ...     7   \n",
      "13514-3    3    5    5    5    5    5    4    5    4     8  ...     9   \n",
      "53211-1    7    7    8    8    8    8    9   12   10    10  ...     9   \n",
      "53211-2    5    5    6    7    7    7    9   12   10    12  ...     9   \n",
      "53211-3    5    6    6    7    7    7    7   10    9    12  ...     7   \n",
      "\n",
      "         10713-1  10713-2  10713-3  13514-1  13514-2  13514-3  53211-1  \\\n",
      "14            12       12       12        3        2        3        7   \n",
      "15            11       12       12        5        3        5        7   \n",
      "16            11       11       11        5        3        5        8   \n",
      "29            15       15       17        7        5        5        8   \n",
      "30            14       15       17        7        5        5        8   \n",
      "31            15       16       18        7        5        5        8   \n",
      "8             10       10        9        4        4        4        9   \n",
      "9             12       11       12        4        4        5       12   \n",
      "10            12       11       12        5        4        4       10   \n",
      "23            15       19       22        8        5        8       10   \n",
      "24            15       20       23        7        6        8       10   \n",
      "25            14       17       20        7        5        8        9   \n",
      "38            16       18       20       11        7        8        9   \n",
      "39            18       20       22       13        8       10        8   \n",
      "40            17       21       22       12        7       10       10   \n",
      "17            10       12       14        5        4        5        9   \n",
      "18             9       12       13        4        3        4       10   \n",
      "19            10       10       12        5        4        5        8   \n",
      "26            17       14       18        7        4        6       10   \n",
      "27            16       17       20        6        4        5        9   \n",
      "28            15       14       18        7        4        6        9   \n",
      "20             9       11       12        5        4        4        7   \n",
      "21            10       10       12        6        4        5        8   \n",
      "22             8        8       10        5        3        5        6   \n",
      "35            18       21       21        8        9        8       12   \n",
      "36            18       19       19        8        8        7       12   \n",
      "37            16       19       20        7        7        6       10   \n",
      "32            18       18       23        9        5        8        9   \n",
      "33            20       20       25       10        8        9        9   \n",
      "34            19       19       24       10        7        9        9   \n",
      "10713-1      204      137      160       48       44       51       72   \n",
      "10713-2      137      196      152       49       46       53       74   \n",
      "10713-3      160      152      219       53       49       55       78   \n",
      "13514-1       48       49       53       98       58       77       47   \n",
      "13514-2       44       46       49       58       94       73       47   \n",
      "13514-3       51       53       55       77       73      113       58   \n",
      "53211-1       72       74       78       47       47       58      158   \n",
      "53211-2       65       68       71       45       48       57      121   \n",
      "53211-3       71       72       75       44       44       53      108   \n",
      "\n",
      "         53211-2  53211-3  \n",
      "14             5        5  \n",
      "15             5        6  \n",
      "16             6        6  \n",
      "29             7        7  \n",
      "30             7        7  \n",
      "31             7        7  \n",
      "8              9        7  \n",
      "9             12       10  \n",
      "10            10        9  \n",
      "23            12       12  \n",
      "24            12       12  \n",
      "25            11       11  \n",
      "38             9        9  \n",
      "39             9        9  \n",
      "40             9        9  \n",
      "17             8        7  \n",
      "18             8        8  \n",
      "19             6        7  \n",
      "26             9        7  \n",
      "27             8        6  \n",
      "28             8        7  \n",
      "20             6        6  \n",
      "21             7        7  \n",
      "22             5        5  \n",
      "35            11       12  \n",
      "36            11       12  \n",
      "37            10       10  \n",
      "32             9        8  \n",
      "33             9        8  \n",
      "34             9        7  \n",
      "10713-1       65       71  \n",
      "10713-2       68       72  \n",
      "10713-3       71       75  \n",
      "13514-1       45       44  \n",
      "13514-2       48       44  \n",
      "13514-3       57       53  \n",
      "53211-1      121      108  \n",
      "53211-2      164      114  \n",
      "53211-3      114      151  \n",
      "\n",
      "[39 rows x 39 columns]\n",
      "\n",
      "Sample similarity, Jaccard indexes\n",
      "               14        15        16        29        30        31         8  \\\n",
      "14       1.000000  0.641204  0.585648  0.254088  0.269542  0.256917  0.338235   \n",
      "15       0.641204  1.000000  0.699074  0.286593  0.305665  0.287548  0.354134   \n",
      "16       0.585648  0.699074  1.000000  0.277500  0.297987  0.286465  0.335443   \n",
      "29       0.254088  0.286593  0.277500  1.000000  0.671895  0.687582  0.248380   \n",
      "30       0.269542  0.305665  0.297987  0.671895  1.000000  0.615686  0.272832   \n",
      "31       0.256917  0.287548  0.286465  0.687582  0.615686  1.000000  0.263337   \n",
      "8        0.338235  0.354134  0.335443  0.248380  0.272832  0.263337  1.000000   \n",
      "9        0.346840  0.355932  0.329193  0.249198  0.269099  0.266892  0.675127   \n",
      "10       0.348485  0.355662  0.336570  0.260244  0.277123  0.279206  0.624365   \n",
      "23       0.091291  0.106106  0.097735  0.166847  0.156474  0.161805  0.101449   \n",
      "24       0.084452  0.097130  0.089900  0.156504  0.147804  0.153409  0.097855   \n",
      "25       0.088916  0.104630  0.096131  0.161837  0.149361  0.159243  0.100000   \n",
      "38       0.103588  0.114530  0.105896  0.191083  0.172469  0.184607  0.112547   \n",
      "39       0.104190  0.116136  0.106443  0.189906  0.175975  0.186674  0.114105   \n",
      "40       0.104046  0.114334  0.106979  0.188260  0.172820  0.184946  0.115965   \n",
      "17       0.321577  0.342466  0.348269  0.219024  0.246947  0.236388  0.298532   \n",
      "18       0.335484  0.345382  0.348643  0.223499  0.242091  0.234818  0.293532   \n",
      "19       0.290168  0.292952  0.315421  0.188859  0.211226  0.209302  0.235816   \n",
      "26       0.249697  0.281139  0.276904  0.387424  0.389418  0.390346  0.235722   \n",
      "27       0.250585  0.283908  0.270930  0.405000  0.393189  0.385554  0.238143   \n",
      "28       0.257004  0.283848  0.276570  0.395515  0.400853  0.382690  0.243215   \n",
      "20       0.287257  0.292585  0.312896  0.210117  0.226257  0.229282  0.243822   \n",
      "21       0.288840  0.288889  0.311966  0.190231  0.206371  0.204638  0.255034   \n",
      "22       0.292517  0.300420  0.328125  0.202918  0.220630  0.210084  0.233503   \n",
      "35       0.114341  0.127065  0.119642  0.214370  0.202516  0.216998  0.115453   \n",
      "36       0.116603  0.126945  0.118273  0.207710  0.197422  0.208701  0.116212   \n",
      "37       0.111250  0.122236  0.115718  0.198980  0.192130  0.198381  0.113218   \n",
      "32       0.126469  0.139851  0.135117  0.219467  0.203272  0.217722  0.129419   \n",
      "33       0.117233  0.132660  0.126034  0.209181  0.193168  0.206631  0.122052   \n",
      "34       0.124644  0.140855  0.133569  0.224281  0.212378  0.220195  0.133725   \n",
      "10713-1  0.022989  0.019231  0.020073  0.017523  0.017456  0.018450  0.014641   \n",
      "10713-2  0.023346  0.021314  0.020370  0.017689  0.018916  0.019900  0.014815   \n",
      "10713-3  0.022346  0.020478  0.019538  0.019563  0.020885  0.021818  0.012876   \n",
      "13514-1  0.007059  0.010593  0.011161  0.009235  0.009957  0.009790  0.006861   \n",
      "13514-2  0.004739  0.006383  0.006726  0.006614  0.007133  0.007013  0.006908   \n",
      "13514-3  0.006818  0.010267  0.010799  0.006452  0.006944  0.006831  0.006689   \n",
      "53211-1  0.014553  0.013208  0.015842  0.009792  0.010499  0.010336  0.014107   \n",
      "53211-2  0.010225  0.009294  0.011696  0.008495  0.009103  0.008963  0.013975   \n",
      "53211-3  0.010504  0.011450  0.012000  0.008631  0.009259  0.009115  0.011058   \n",
      "\n",
      "                9        10        23  ...        34   10713-1   10713-2  \\\n",
      "14       0.346840  0.348485  0.091291  ...  0.124644  0.022989  0.023346   \n",
      "15       0.355932  0.355662  0.106106  ...  0.140855  0.019231  0.021314   \n",
      "16       0.329193  0.336570  0.097735  ...  0.133569  0.020073  0.020370   \n",
      "29       0.249198  0.260244  0.166847  ...  0.224281  0.017523  0.017689   \n",
      "30       0.269099  0.277123  0.156474  ...  0.212378  0.017456  0.018916   \n",
      "31       0.266892  0.279206  0.161805  ...  0.220195  0.018450  0.019900   \n",
      "8        0.675127  0.624365  0.101449  ...  0.133725  0.014641  0.014815   \n",
      "9        1.000000  0.644670  0.101996  ...  0.142298  0.017316  0.016035   \n",
      "10       0.644670  1.000000  0.101857  ...  0.147432  0.018100  0.016768   \n",
      "23       0.101996  0.101857  1.000000  ...  0.186985  0.008950  0.011418   \n",
      "24       0.098958  0.099366  0.673514  ...  0.183437  0.008343  0.011204   \n",
      "25       0.100562  0.102916  0.591892  ...  0.188323  0.008495  0.010385   \n",
      "38       0.115405  0.120963  0.194076  ...  0.372511  0.009065  0.010256   \n",
      "39       0.115729  0.122383  0.191791  ...  0.365540  0.009967  0.011136   \n",
      "40       0.120625  0.125686  0.194780  ...  0.372635  0.009621  0.011966   \n",
      "17       0.296950  0.323129  0.093236  ...  0.121037  0.019960  0.024440   \n",
      "18       0.294118  0.325217  0.094154  ...  0.113521  0.018519  0.025263   \n",
      "19       0.235192  0.255083  0.072106  ...  0.095489  0.024876  0.025381   \n",
      "26       0.235355  0.245484  0.166311  ...  0.225644  0.019144  0.015855   \n",
      "27       0.239000  0.245108  0.175383  ...  0.229579  0.017279  0.018539   \n",
      "28       0.250520  0.262648  0.180054  ...  0.234810  0.016835  0.015837   \n",
      "20       0.237097  0.259829  0.078106  ...  0.110704  0.019523  0.024390   \n",
      "21       0.239804  0.269565  0.072482  ...  0.103146  0.022075  0.022472   \n",
      "22       0.235000  0.247368  0.073337  ...  0.101331  0.018349  0.018692   \n",
      "35       0.123223  0.130909  0.201835  ...  0.361483  0.011385  0.013376   \n",
      "36       0.121880  0.129377  0.201729  ...  0.375577  0.011125  0.011809   \n",
      "37       0.122050  0.126835  0.202376  ...  0.375319  0.009780  0.011692   \n",
      "32       0.136995  0.144057  0.187473  ...  0.578328  0.012113  0.012179   \n",
      "33       0.129127  0.136227  0.184082  ...  0.648916  0.012516  0.012579   \n",
      "34       0.142298  0.147432  0.186985  ...  1.000000  0.013250  0.013324   \n",
      "10713-1  0.017316  0.018100  0.008950  ...  0.013250  1.000000  0.520913   \n",
      "10713-2  0.016035  0.016768  0.011418  ...  0.013324  0.520913  1.000000   \n",
      "10713-3  0.016949  0.017699  0.013064  ...  0.016620  0.608365  0.577947   \n",
      "13514-1  0.006723  0.008865  0.005073  ...  0.007479  0.188976  0.200000   \n",
      "13514-2  0.006768  0.007130  0.003173  ...  0.005240  0.173228  0.188525   \n",
      "13514-3  0.008210  0.006897  0.005025  ...  0.006652  0.191729  0.207031   \n",
      "53211-1  0.018547  0.016155  0.006116  ...  0.006438  0.248276  0.264286   \n",
      "53211-2  0.018377  0.016000  0.007322  ...  0.006410  0.214521  0.232877   \n",
      "53211-3  0.015576  0.014682  0.007380  ...  0.005025  0.250000  0.261818   \n",
      "\n",
      "          10713-3   13514-1   13514-2   13514-3   53211-1   53211-2   53211-3  \n",
      "14       0.022346  0.007059  0.004739  0.006818  0.014553  0.010225  0.010504  \n",
      "15       0.020478  0.010593  0.006383  0.010267  0.013208  0.009294  0.011450  \n",
      "16       0.019538  0.011161  0.006726  0.010799  0.015842  0.011696  0.012000  \n",
      "29       0.019563  0.009235  0.006614  0.006452  0.009792  0.008495  0.008631  \n",
      "30       0.020885  0.009957  0.007133  0.006944  0.010499  0.009103  0.009259  \n",
      "31       0.021818  0.009790  0.007013  0.006831  0.010336  0.008963  0.009115  \n",
      "8        0.012876  0.006861  0.006908  0.006689  0.014107  0.013975  0.011058  \n",
      "9        0.016949  0.006723  0.006768  0.008210  0.018547  0.018377  0.015576  \n",
      "10       0.017699  0.008865  0.007130  0.006897  0.016155  0.016000  0.014682  \n",
      "23       0.013064  0.005073  0.003173  0.005025  0.006116  0.007322  0.007380  \n",
      "24       0.012742  0.004118  0.003536  0.004667  0.005692  0.006814  0.006865  \n",
      "25       0.012070  0.004519  0.003232  0.005118  0.005600  0.006828  0.006884  \n",
      "38       0.011261  0.006611  0.004207  0.004756  0.005214  0.005196  0.005236  \n",
      "39       0.012108  0.007625  0.004689  0.005804  0.004520  0.005070  0.005108  \n",
      "40       0.012380  0.007203  0.004199  0.005942  0.005787  0.005187  0.005226  \n",
      "17       0.027344  0.012500  0.010076  0.012048  0.019737  0.017279  0.015521  \n",
      "18       0.026157  0.010390  0.007853  0.010000  0.022779  0.017897  0.018433  \n",
      "19       0.028916  0.016611  0.013423  0.015823  0.022346  0.016393  0.019886  \n",
      "26       0.019956  0.008838  0.005057  0.007426  0.011779  0.010514  0.008284  \n",
      "27       0.021345  0.007229  0.004831  0.005910  0.010147  0.008949  0.006795  \n",
      "28       0.019934  0.008827  0.005051  0.007417  0.010576  0.009324  0.008274  \n",
      "20       0.025370  0.013928  0.011236  0.010667  0.016787  0.014151  0.014599  \n",
      "21       0.025751  0.017094  0.011461  0.013624  0.019560  0.016827  0.017370  \n",
      "22       0.022272  0.015015  0.009063  0.014368  0.015306  0.012531  0.012953  \n",
      "35       0.013183  0.005387  0.006081  0.005333  0.007787  0.007106  0.007823  \n",
      "36       0.011642  0.005256  0.005270  0.004551  0.007605  0.006940  0.007638  \n",
      "37       0.012143  0.004548  0.004560  0.003859  0.006266  0.006242  0.006293  \n",
      "32       0.015374  0.006479  0.003600  0.005694  0.006211  0.006186  0.005544  \n",
      "33       0.015547  0.006658  0.005333  0.005929  0.005758  0.005736  0.005138  \n",
      "34       0.016620  0.007479  0.005240  0.006652  0.006438  0.006410  0.005025  \n",
      "10713-1  0.608365  0.188976  0.173228  0.191729  0.248276  0.214521  0.250000  \n",
      "10713-2  0.577947  0.200000  0.188525  0.207031  0.264286  0.232877  0.261818  \n",
      "10713-3  1.000000  0.200758  0.185606  0.198556  0.260870  0.227564  0.254237  \n",
      "13514-1  0.200758  1.000000  0.432836  0.574627  0.224880  0.207373  0.214634  \n",
      "13514-2  0.185606  0.432836  1.000000  0.544776  0.229268  0.228571  0.218905  \n",
      "13514-3  0.198556  0.574627  0.544776  1.000000  0.272300  0.259091  0.251185  \n",
      "53211-1  0.260870  0.224880  0.229268  0.272300  1.000000  0.601990  0.537313  \n",
      "53211-2  0.227564  0.207373  0.228571  0.259091  0.601990  1.000000  0.567164  \n",
      "53211-3  0.254237  0.214634  0.218905  0.251185  0.537313  0.567164  1.000000  \n",
      "\n",
      "[39 rows x 39 columns]\n",
      "\n",
      "Label similarity, counts of common peaks\n",
      "     CAN   CS  LAB    PN   REG  RIP   RL  ROT    RU   TRI  CFN  CHT   SB\n",
      "CAN  432  263  262   197   227  197  279  172   225   234   15    5    8\n",
      "CS   263  765  281   354   415  202  475  184   422   414   19    7    8\n",
      "LAB  262  281  591   217   262  210  284  175   242   256   14    6   13\n",
      "PN   197  354  217  1850   624  168  398  142   613   550   23    9   13\n",
      "REG  227  415  262   624  1912  174  443  160  1008   995   25   13   12\n",
      "RIP  197  202  210   168   174  338  206  171   173   180   14    5   10\n",
      "RL   279  475  284   398   443  206  867  192   429   452   22    7   10\n",
      "ROT  172  184  175   142   160  171  192  308   150   165   13    6    8\n",
      "RU   225  422  242   613  1008  173  429  150  1721   933   23   10   13\n",
      "TRI  234  414  256   550   995  180  452  165   933  1615   25   12   11\n",
      "CFN   15   19   14    23    25   14   22   13    23    25  263   70   93\n",
      "CHT    5    7    6     9    13    5    7    6    10    12   70  134   67\n",
      "SB     8    8   13    13    12   10   10    8    13    11   93   67  201\n",
      "\n",
      "Label similarity, Jaccard indexes\n",
      "          CAN        CS       LAB        PN       REG       RIP        RL  \\\n",
      "CAN  1.000000  0.281585  0.344284  0.094484  0.107227  0.343805  0.273529   \n",
      "CS   0.281585  1.000000  0.261395  0.156568  0.183466  0.224195  0.410545   \n",
      "LAB  0.344284  0.261395  1.000000  0.097572  0.116912  0.292072  0.241908   \n",
      "PN   0.094484  0.156568  0.097572  1.000000  0.198853  0.083168  0.171626   \n",
      "REG  0.107227  0.183466  0.116912  0.198853  1.000000  0.083815  0.189640   \n",
      "RIP  0.343805  0.224195  0.292072  0.083168  0.083815  1.000000  0.206206   \n",
      "RL   0.273529  0.410545  0.241908  0.171626  0.189640  0.206206  1.000000   \n",
      "ROT  0.302817  0.206974  0.241713  0.070437  0.077670  0.360000  0.195320   \n",
      "RU   0.116701  0.204457  0.116908  0.207235  0.384000  0.091729  0.198703   \n",
      "TRI  0.129068  0.210580  0.131282  0.188679  0.392970  0.101523  0.222660   \n",
      "CFN  0.022059  0.018831  0.016667  0.011005  0.011628  0.023850  0.019856   \n",
      "CHT  0.008913  0.007848  0.008345  0.004557  0.006394  0.010707  0.007042   \n",
      "SB   0.012800  0.008351  0.016688  0.006379  0.005712  0.018904  0.009452   \n",
      "\n",
      "          ROT        RU       TRI       CFN       CHT        SB  \n",
      "CAN  0.302817  0.116701  0.129068  0.022059  0.008913  0.012800  \n",
      "CS   0.206974  0.204457  0.210580  0.018831  0.007848  0.008351  \n",
      "LAB  0.241713  0.116908  0.131282  0.016667  0.008345  0.016688  \n",
      "PN   0.070437  0.207235  0.188679  0.011005  0.004557  0.006379  \n",
      "REG  0.077670  0.384000  0.392970  0.011628  0.006394  0.005712  \n",
      "RIP  0.360000  0.091729  0.101523  0.023850  0.010707  0.018904  \n",
      "RL   0.195320  0.198703  0.222660  0.019856  0.007042  0.009452  \n",
      "ROT  1.000000  0.079830  0.093857  0.023297  0.013761  0.015968  \n",
      "RU   0.079830  1.000000  0.388265  0.011729  0.005420  0.006810  \n",
      "TRI  0.093857  0.388265  1.000000  0.013492  0.006908  0.006094  \n",
      "CFN  0.023297  0.011729  0.013492  1.000000  0.214067  0.250674  \n",
      "CHT  0.013761  0.005420  0.006908  0.214067  1.000000  0.250000  \n",
      "SB   0.015968  0.006810  0.006094  0.250674  0.250000  1.000000  \n"
     ]
    }
   ],
   "source": [
    "print(sim_pos)"
   ]
  },
  {
   "cell_type": "code",
   "execution_count": 5,
   "metadata": {
    "collapsed": false
   },
   "outputs": [
    {
     "name": "stdout",
     "output_type": "stream",
     "text": [
      "\n",
      "Sample similarity, counts of common peaks\n",
      "          14   15   16   29   30   31    8    9   10   23  ...   34  10713-1  \\\n",
      "14       442  286  345  186  183  170  168  179  179   34  ...  151        6   \n",
      "15       286  319  222  121  118  108  144  157  155   25  ...  146        4   \n",
      "16       345  222  378  174  171  159  168  181  177   34  ...  148        4   \n",
      "29       186  121  174  674  637  588  143  151  150   88  ...  202       16   \n",
      "30       183  118  171  637  677  591  142  150  149   88  ...  214       22   \n",
      "31       170  108  159  588  591  628  128  135  135   87  ...  184       22   \n",
      "8        168  144  168  143  142  128  370  331  339  118  ...  131        4   \n",
      "9        179  157  181  151  150  135  331  402  371  111  ...  138        4   \n",
      "10       179  155  177  150  149  135  339  371  410  120  ...  138        4   \n",
      "23        34   25   34   88   88   87  118  111  120  350  ...   23       10   \n",
      "24        46   33   45   95   95   94  127  121  129  314  ...   30       10   \n",
      "25        46   33   45   97   97   96  128  121  129  326  ...   31        9   \n",
      "38       125  115  115  214  223  202  116  118  117   39  ...  254       20   \n",
      "39       116  106  108  211  222  199  110  114  113   40  ...  288       19   \n",
      "40       126  116  118  215  224  203  122  126  126   42  ...  293       21   \n",
      "17       150  139  127  116  115  106  145  153  152   31  ...  109        2   \n",
      "18       151  138  129  122  121  110  145  147  147   33  ...  108        2   \n",
      "19       150  134  129  127  127  116  161  165  165   35  ...  111        2   \n",
      "26       105   87   99  408  414  404  168  162  169  145  ...  155       15   \n",
      "27       110   94  100  370  374  372  106  110  106   59  ...  152       17   \n",
      "28       104   86   95  416  416  409  168  163  171  150  ...  149       16   \n",
      "20       156  134  108  106  108  103  111  121  114   36  ...   88        4   \n",
      "21       141  121  100   97   99   95  107  115  110   39  ...   81        4   \n",
      "22       146  125  109  106  108  103  115  123  118   39  ...   87        4   \n",
      "35       137  130  131  156  158  142  141  147  144   25  ...  272       19   \n",
      "36       136  125  129  181  185  164  113  118  115   21  ...  291       18   \n",
      "37       149  138  142  178  182  158  148  155  153   25  ...  306       18   \n",
      "32       105   96   99  154  158  147   97  100  100   23  ...  418       21   \n",
      "33       141  139  140  165  176  142  119  127  126   19  ...  443        5   \n",
      "34       151  146  148  202  214  184  131  138  138   23  ...  665       21   \n",
      "10713-1    6    4    4   16   22   22    4    4    4   10  ...   21      105   \n",
      "10713-2    8    6    5   18   24   24    5    6    6   10  ...   19       64   \n",
      "10713-3    8    6    5   21   26   26    5    6    6   12  ...   23      100   \n",
      "13514-1   45    9   40   41   43   45    3    3    3   14  ...   25       68   \n",
      "13514-2   30    9   25   34   37   39    7    7    7   17  ...   25       63   \n",
      "13514-3   48    9   42   44   48   49    7    7    7   17  ...   24       66   \n",
      "53211-1    9    5    6   24   29   29    6    7    7   14  ...   27       70   \n",
      "53211-2    7    3    6   20   25   25    6    7    7   15  ...   27       66   \n",
      "53211-3   11    5    8   24   28   28    7    8    8   14  ...   25       63   \n",
      "\n",
      "         10713-2  10713-3  13514-1  13514-2  13514-3  53211-1  53211-2  \\\n",
      "14             8        8       45       30       48        9        7   \n",
      "15             6        6        9        9        9        5        3   \n",
      "16             5        5       40       25       42        6        6   \n",
      "29            18       21       41       34       44       24       20   \n",
      "30            24       26       43       37       48       29       25   \n",
      "31            24       26       45       39       49       29       25   \n",
      "8              5        5        3        7        7        6        6   \n",
      "9              6        6        3        7        7        7        7   \n",
      "10             6        6        3        7        7        7        7   \n",
      "23            10       12       14       17       17       14       15   \n",
      "24            11       13       12       16       16       14       15   \n",
      "25            10       12       13       16       16       13       14   \n",
      "38            19       23       29       31       31       24       26   \n",
      "39            17       21       28       30       30       23       26   \n",
      "40            20       24       29       32       31       25       27   \n",
      "17             3        3        5        7        7        4        3   \n",
      "18             3        3        5        7        7        4        3   \n",
      "19             3        3        3        6        6        3        3   \n",
      "26            18       19       22       25       23       19       17   \n",
      "27            19       20       26       27       26       22       20   \n",
      "28            18       20       26       28       26       20       20   \n",
      "20             3        4        6        8        9        6        8   \n",
      "21             3        4        6        8        9        6        8   \n",
      "22             3        4        6        8        9        6        8   \n",
      "35            20       22       32       31       30       23       21   \n",
      "36            19       21       30       31       29       23       21   \n",
      "37            19       21       31       32       31       23       22   \n",
      "32            19       23       24       24       23       25       26   \n",
      "33             3        5        9       10       11        7        7   \n",
      "34            19       23       25       25       24       27       27   \n",
      "10713-1       64      100       68       63       66       70       66   \n",
      "10713-2      108      103       72       70       70       66       65   \n",
      "10713-3      103      144       91       84       88       88       80   \n",
      "13514-1       72       91      213      151      187       91       83   \n",
      "13514-2       70       84      151      172      146       80       76   \n",
      "13514-3       70       88      187      146      208       91       80   \n",
      "53211-1       66       88       91       80       91      151      119   \n",
      "53211-2       65       80       83       76       80      119      158   \n",
      "53211-3       64       79       93       79       91      124      131   \n",
      "\n",
      "         53211-3  \n",
      "14            11  \n",
      "15             5  \n",
      "16             8  \n",
      "29            24  \n",
      "30            28  \n",
      "31            28  \n",
      "8              7  \n",
      "9              8  \n",
      "10             8  \n",
      "23            14  \n",
      "24            14  \n",
      "25            13  \n",
      "38            25  \n",
      "39            23  \n",
      "40            25  \n",
      "17             4  \n",
      "18             4  \n",
      "19             3  \n",
      "26            19  \n",
      "27            22  \n",
      "28            20  \n",
      "20             8  \n",
      "21             8  \n",
      "22             8  \n",
      "35            25  \n",
      "36            25  \n",
      "37            25  \n",
      "32            24  \n",
      "33             8  \n",
      "34            25  \n",
      "10713-1       63  \n",
      "10713-2       64  \n",
      "10713-3       79  \n",
      "13514-1       93  \n",
      "13514-2       79  \n",
      "13514-3       91  \n",
      "53211-1      124  \n",
      "53211-2      131  \n",
      "53211-3      163  \n",
      "\n",
      "[39 rows x 39 columns]\n",
      "\n",
      "Sample similarity, Jaccard indexes\n",
      "               14        15        16        29        30        31         8  \\\n",
      "14       1.000000  0.602105  0.726316  0.200000  0.195513  0.188889  0.260870   \n",
      "15       0.602105  1.000000  0.467368  0.138761  0.134396  0.128725  0.264220   \n",
      "16       0.726316  0.467368  1.000000  0.198178  0.193439  0.187721  0.289655   \n",
      "29       0.200000  0.138761  0.198178  1.000000  0.892157  0.823529  0.158713   \n",
      "30       0.195513  0.134396  0.193439  0.892157  1.000000  0.827731  0.156906   \n",
      "31       0.188889  0.128725  0.187721  0.823529  0.827731  1.000000  0.147126   \n",
      "8        0.260870  0.264220  0.289655  0.158713  0.156906  0.147126  1.000000   \n",
      "9        0.269173  0.278369  0.302170  0.163243  0.161464  0.150838  0.750567   \n",
      "10       0.265973  0.270035  0.289689  0.160600  0.158849  0.149502  0.768707   \n",
      "23       0.044855  0.038820  0.048991  0.094017  0.093717  0.097643  0.196013   \n",
      "24       0.059585  0.049849  0.063470  0.099476  0.099165  0.103297  0.205170   \n",
      "25       0.058673  0.048961  0.062413  0.100518  0.100207  0.104348  0.203175   \n",
      "38       0.137212  0.144110  0.134189  0.203036  0.212786  0.198039  0.136792   \n",
      "39       0.094926  0.095582  0.092624  0.155261  0.164323  0.150189  0.095156   \n",
      "40       0.102356  0.103757  0.100426  0.156477  0.163743  0.151493  0.104901   \n",
      "17       0.198939  0.216511  0.178121  0.113725  0.112305  0.107724  0.211063   \n",
      "18       0.204885  0.220096  0.185612  0.122244  0.120758  0.114108  0.216095   \n",
      "19       0.197109  0.204893  0.179666  0.125000  0.124632  0.118247  0.237463   \n",
      "26       0.113759  0.106357  0.114451  0.478873  0.487633  0.498765  0.213198   \n",
      "27       0.134310  0.132022  0.130719  0.467762  0.473418  0.500673  0.141145   \n",
      "28       0.111828  0.104242  0.108571  0.489412  0.487691  0.504316  0.211587   \n",
      "20       0.206623  0.204893  0.146143  0.102218  0.104046  0.103622  0.152473   \n",
      "21       0.192360  0.192063  0.140845  0.096135  0.098020  0.098446  0.153957   \n",
      "22       0.190850  0.188537  0.147696  0.102218  0.104046  0.103622  0.158840   \n",
      "35       0.124207  0.131712  0.125359  0.118541  0.119970  0.110592  0.137293   \n",
      "36       0.130895  0.134844  0.131365  0.147635  0.151020  0.137009  0.114141   \n",
      "37       0.131742  0.135427  0.132216  0.133433  0.136534  0.120795  0.139623   \n",
      "32       0.113147  0.117936  0.113793  0.138614  0.142342  0.137127  0.112269   \n",
      "33       0.153762  0.174623  0.163934  0.146667  0.157565  0.128857  0.137255   \n",
      "34       0.157950  0.174224  0.165363  0.177661  0.189716  0.165915  0.144912   \n",
      "10713-1  0.011091  0.009524  0.008351  0.020970  0.028947  0.030942  0.008493   \n",
      "10713-2  0.014760  0.014252  0.010395  0.023560  0.031537  0.033708  0.010571   \n",
      "10713-3  0.013841  0.013129  0.009671  0.026349  0.032704  0.034853  0.009823   \n",
      "13514-1  0.073770  0.017208  0.072595  0.048463  0.050767  0.056533  0.005172   \n",
      "13514-2  0.051370  0.018672  0.047619  0.041872  0.045567  0.051248  0.013084   \n",
      "13514-3  0.079734  0.017375  0.077206  0.052506  0.057348  0.062262  0.012259   \n",
      "53211-1  0.015411  0.010753  0.011472  0.029963  0.036295  0.038667  0.011650   \n",
      "53211-2  0.011804  0.006329  0.011321  0.024631  0.030864  0.032852  0.011494   \n",
      "53211-3  0.018519  0.010482  0.015009  0.029520  0.034483  0.036697  0.013308   \n",
      "\n",
      "                9        10        23  ...        34   10713-1   10713-2  \\\n",
      "14       0.269173  0.265973  0.044855  ...  0.157950  0.011091  0.014760   \n",
      "15       0.278369  0.270035  0.038820  ...  0.174224  0.009524  0.014252   \n",
      "16       0.302170  0.289689  0.048991  ...  0.165363  0.008351  0.010395   \n",
      "29       0.163243  0.160600  0.094017  ...  0.177661  0.020970  0.023560   \n",
      "30       0.161464  0.158849  0.093717  ...  0.189716  0.028947  0.031537   \n",
      "31       0.150838  0.149502  0.097643  ...  0.165915  0.030942  0.033708   \n",
      "8        0.750567  0.768707  0.196013  ...  0.144912  0.008493  0.010571   \n",
      "9        1.000000  0.841270  0.173167  ...  0.148547  0.007952  0.011905   \n",
      "10       0.841270  1.000000  0.187500  ...  0.147279  0.007828  0.011719   \n",
      "23       0.173167  0.187500  1.000000  ...  0.023185  0.022472  0.022321   \n",
      "24       0.184170  0.196347  0.762136  ...  0.029674  0.021231  0.023256   \n",
      "25       0.180867  0.192825  0.791262  ...  0.030333  0.018595  0.020576   \n",
      "38       0.134396  0.131905  0.043094  ...  0.252736  0.029455  0.027818   \n",
      "39       0.096284  0.094719  0.033167  ...  0.226237  0.019348  0.017224   \n",
      "40       0.105793  0.105088  0.034342  ...  0.227661  0.021021  0.019940   \n",
      "17       0.215190  0.211111  0.039693  ...  0.107073  0.003540  0.005291   \n",
      "18       0.209700  0.207334  0.043250  ...  0.107677  0.003643  0.005445   \n",
      "19       0.233711  0.231092  0.044643  ...  0.108504  0.003497  0.005226   \n",
      "26       0.196126  0.204353  0.183312  ...  0.141423  0.022189  0.026627   \n",
      "27       0.141207  0.134008  0.075835  ...  0.152000  0.029565  0.032986   \n",
      "28       0.196149  0.205776  0.189394  ...  0.134477  0.023495  0.026393   \n",
      "20       0.161333  0.149020  0.045977  ...  0.084130  0.007018  0.005226   \n",
