{
 "cells": [
  {
   "cell_type": "markdown",
   "metadata": {},
   "source": [
    "## File with dataset used for paper figures (after different formatation)\n",
    "\n",
    "### Warning: Original figures will have to be changed with a new analysis\n",
    "\n",
    "### Imports"
   ]
  },
  {
   "cell_type": "code",
   "execution_count": 1,
   "metadata": {},
   "outputs": [],
   "source": [
    "import numpy as np\n",
    "import pandas as pd\n",
    "import scipy.spatial.distance as dist\n",
    "import scipy.cluster.hierarchy as hier\n",
    "import scipy.stats as stats\n",
    "\n",
    "import matplotlib.pyplot as plt\n",
    "import matplotlib.patches as mpatches\n",
    "from matplotlib import cm\n",
    "import seaborn as sns\n",
    "\n",
    "import metabolinks as mtl\n",
    "import metabolinks.transformations as transf\n",
    "from metabolinks.similarity import mz_similarity\n",
    "\n",
    "import scaling as sca\n",
    "import multianalysis as ma"
   ]
  },
  {
   "cell_type": "code",
   "execution_count": 2,
   "metadata": {},
   "outputs": [],
   "source": [
    "%matplotlib inline"
   ]
  },
  {
   "cell_type": "markdown",
   "metadata": {},
   "source": [
    "### Similarity analysis without CHT, CFN and SB samples.\n",
    "\n",
    "### Peak alignments analysed: \n",
    "#### 1 - 1st alignment: min_sample = 2, 2nd alignment: min_sample = 1 - NAME: 2-1 / Original\n",
    "#### 2 - 1st alignment: min_sample = 1, 2nd alignment: min_sample = 2 - NAME: 1-2\n",
    "\n",
    "To better understand the functions used outside of normal Python packages, see scaling.py and multianalysis.py where they are better described."
   ]
  },
  {
   "cell_type": "code",
   "execution_count": 3,
   "metadata": {},
   "outputs": [],
   "source": [
    "def read_aligned_files(filename):\n",
    "    \"\"\"Short function to read the aligned files fast while putting the MultiIndex in the correct order for the CDL accessor.\"\"\"\n",
    "    df = pd.read_csv(filename, header = None, index_col = [0])\n",
    "    df.index.name = 'm/z'\n",
    "    mi = pd.concat([df.iloc[1, :],df.iloc[0, :]], axis = 'columns')\n",
    "    mi = pd.MultiIndex.from_frame(mi)\n",
    "    final_file = pd.read_csv(filename, header = [0,1], index_col = [0])\n",
    "    final_file.columns = mi\n",
    "    return final_file"
   ]
  },
  {
   "cell_type": "markdown",
   "metadata": {},
   "source": [
    "## Similarity analysis\n",
    "\n",
    "aligned_all_neg = negative dataset alignment 2-1 (Original) / aligned_neg - binary matrix equivalent\n",
    "\n",
    "aligned_all_pos = positive dataset alignment 2-1 (Original) / aligned_pos - binary matrix equivalent\n",
    "\n",
    "aligned_all_neg2 = negative dataset alignment 1-2 / aligned_neg2 - binary matrix equivalent\n",
    "\n",
    "aligned_all_pos2 = positive dataset alignment 1-2 / aligned_pos2 - binary matrix equivalent"
   ]
  },
  {
   "cell_type": "markdown",
   "metadata": {},
   "source": [
    "### Read aligned data of the 1st alignment 2-1 - Analysis of this one first"
   ]
  },
  {
   "cell_type": "code",
   "execution_count": 4,
   "metadata": {},
   "outputs": [],
   "source": [
    "aligned_all_pos = pd.HDFStore('alignments_new.h5').get('groups_1ppm_min2_all_1ppm_pos')\n",
    "aligned_all_neg = pd.HDFStore('alignments_new.h5').get('groups_1ppm_min2_all_1ppm_neg')"
   ]
  },
  {
   "cell_type": "markdown",
   "metadata": {},
   "source": [
    "### Compute m/z similarities - Not present in yeast_new (maybe take out in future versions except first cell)"
   ]
  },
  {
   "cell_type": "code",
   "execution_count": 5,
   "metadata": {},
   "outputs": [],
   "source": [
    "sim_pos = mz_similarity(aligned_all_pos, has_labels = True)\n",
    "sim_neg = mz_similarity(aligned_all_neg, has_labels = True)"
   ]
  },
  {
   "cell_type": "code",
   "execution_count": 6,
   "metadata": {},
   "outputs": [
    {
     "name": "stdout",
     "output_type": "stream",
     "text": [
      "\n",
      "Sample similarity, counts of common peaks\n",
      "     14   15   16   29   30   31    8    9   10    23  ...   22    35    36  \\\n",
      "14  342  296  269  236  235  231  234  240  237   204  ...  141   221   222   \n",
      "15  296  386  313  263  256  254  244  252  249   230  ...  149   246   248   \n",
      "16  269  313  359  251  247  248  237  241  239   219  ...  155   237   239   \n",
      "29  236  263  251  672  523  545  258  263  270   368  ...  161   445   444   \n",
      "30  235  256  247  523  616  489  260  267  268   352  ...  164   420   419   \n",
      "31  231  254  248  545  489  638  259  268  281   357  ...  163   450   445   \n",
      "8   234  244  237  258  260  259  487  408  378   232  ...  149   258   261   \n",
      "9   240  252  241  263  267  268  408  512  403   235  ...  151   272   273   \n",
      "10  237  249  239  270  268  281  378  403  482   243  ...  150   285   287   \n",
      "23  204  230  219  368  352  357  232  235  243  1495  ...  141   596   597   \n",
      "24  198  224  212  367  352  359  235  240  249  1280  ...  139   623   618   \n",
      "25  190  219  207  364  340  356  226  229  239  1154  ...  133   612   602   \n",
      "38  222  250  239  443  407  433  258  273  283   613  ...  154   903   956   \n",
      "39  227  253  240  447  417  443  269  284  296   615  ...  156   933   982   \n",
      "40  224  248  239  431  401  427  269  286  295   617  ...  157   887   940   \n",
      "17  177  193  189  190  196  201  197  206  207   175  ...  151   197   196   \n",
      "18  175  188  181  190  190  196  190  200  204   174  ...  144   191   190   \n",
      "19  135  142  141  146  149  154  145  150  152   128  ...  126   144   141   \n",
      "26  234  265  251  425  414  416  262  267  278   390  ...  164   447   444   \n",
      "27  249  271  259  442  421  424  272  283  288   413  ...  164   470   460   \n",
      "28  245  272  256  431  418  417  269  285  292   409  ...  165   460   449   \n",
      "20  146  156  160  175  176  181  163  164  167   156  ...  208   174   169   \n",
      "21  142  150  152  162  163  167  163  161  167   145  ...  199   163   159   \n",
      "22  141  149  155  161  164  163  149  151  150   141  ...  247   150   149   \n",
      "35  221  246  237  445  420  450  258  272  285   596  ...  150  1415  1138   \n",
      "36  222  248  239  444  419  445  261  273  287   597  ...  149  1138  1444   \n",
      "37  219  244  235  431  417  435  265  278  291   599  ...  149  1174  1203   \n",
      "11  202  205  201  234  231  242  236  240  244   219  ...  150   248   243   \n",
      "12  178  179  172  205  205  215  205  211  215   187  ...  137   214   209   \n",
      "13  201  206  199  239  239  245  232  232  242   213  ...  151   242   242   \n",
      "32  228  250  239  438  406  432  256  271  279   532  ...  152   792   834   \n",
      "33  223  251  239  439  408  436  251  268  279   553  ...  157   843   883   \n",
      "34  220  244  232  423  403  419  251  267  275   526  ...  156   802   832   \n",
      "\n",
      "      37   11   12   13    32    33    34  \n",
      "14   219  202  178  201   228   223   220  \n",
      "15   244  205  179  206   250   251   244  \n",
      "16   235  201  172  199   239   239   232  \n",
      "29   431  234  205  239   438   439   423  \n",
      "30   417  231  205  239   406   408   403  \n",
      "31   435  242  215  245   432   436   419  \n",
      "8    265  236  205  232   256   251   251  \n",
      "9    278  240  211  232   271   268   267  \n",
      "10   291  244  215  242   279   279   275  \n",
      "23   599  219  187  213   532   553   526  \n",
      "24   630  222  188  217   557   585   547  \n",
      "25   611  218  184  209   545   566   534  \n",
      "38   954  244  204  238   864   912   869  \n",
      "39   982  254  210  247   899   964   897  \n",
      "40   942  250  204  244   864   924   865  \n",
      "17   202  195  176  195   191   194   193  \n",
      "18   195  187  171  190   189   189   188  \n",
      "19   146  148  134  151   140   144   143  \n",
      "26   447  242  214  238   443   449   439  \n",
      "27   463  253  217  248   460   472   460  \n",
      "28   464  252  219  247   445   461   449  \n",
      "20   172  164  154  166   172   175   174  \n",
      "21   162  163  155  165   163   165   167  \n",
      "22   149  150  137  151   152   157   156  \n",
      "35  1174  248  214  242   792   843   802  \n",
      "36  1203  243  209  242   834   883   832  \n",
      "37  1480  249  212  241   815   885   853  \n",
      "11   249  382  263  318   237   235   239  \n",
      "12   212  263  310  246   198   201   198  \n",
      "13   241  318  246  365   235   233   236  \n",
      "32   815  237  198  235  1312  1145   967  \n",
      "33   885  235  201  233  1145  1448  1103  \n",
      "34   853  239  198  236   967  1103  1270  \n",
      "\n",
      "[33 rows x 33 columns]\n",
      "\n",
      "Sample similarity, Jaccard indexes\n",
      "          14        15        16        29        30        31         8  \\\n",
      "14  1.000000  0.685185  0.622685  0.303342  0.325035  0.308411  0.393277   \n",
      "15  0.685185  1.000000  0.724537  0.330818  0.343164  0.329870  0.387917   \n",
      "16  0.622685  0.724537  1.000000  0.321795  0.339286  0.331108  0.389163   \n",
      "29  0.303342  0.330818  0.321795  1.000000  0.683660  0.712418  0.286349   \n",
      "30  0.325035  0.343164  0.339286  0.683660  1.000000  0.639216  0.308422   \n",
      "31  0.308411  0.329870  0.331108  0.712418  0.639216  1.000000  0.299076   \n",
      "8   0.393277  0.387917  0.389163  0.286349  0.308422  0.299076  1.000000   \n",
      "9   0.390879  0.390093  0.382540  0.285559  0.310105  0.303855  0.690355   \n",
      "10  0.403748  0.402262  0.397010  0.305430  0.322892  0.334923  0.639594   \n",
      "23  0.124923  0.139310  0.133945  0.204558  0.200114  0.201014  0.132571   \n",
      "24  0.111298  0.124652  0.118967  0.189175  0.185361  0.187565  0.124536   \n",
      "25  0.114389  0.130668  0.124624  0.200330  0.190476  0.198772  0.127684   \n",
      "38  0.129145  0.144092  0.139034  0.242341  0.225111  0.240022  0.141138   \n",
      "39  0.127171  0.140322  0.134153  0.235884  0.223114  0.237534  0.142479   \n",
      "40  0.130612  0.142939  0.139196  0.234494  0.221302  0.236173  0.148209   \n",
      "17  0.372632  0.383698  0.393750  0.239899  0.268493  0.269076  0.328333   \n",
      "18  0.378788  0.381339  0.382664  0.244530  0.263523  0.265943  0.320946   \n",
      "19  0.319905  0.309368  0.325635  0.197031  0.218475  0.220315  0.260323   \n",
      "26  0.283636  0.316229  0.304242  0.440871  0.450490  0.443024  0.278132   \n",
      "27  0.293979  0.311853  0.303279  0.449187  0.443625  0.438017  0.280702   \n",
      "28  0.302469  0.328900  0.313725  0.451782  0.458836  0.446467  0.288937   \n",
      "20  0.313978  0.312625  0.341880  0.228460  0.248237  0.249311  0.274874   \n",
      "21  0.308696  0.302419  0.325482  0.210390  0.228612  0.228454  0.279110   \n",
      "22  0.314732  0.307851  0.343681  0.212401  0.234621  0.225762  0.254701   \n",
      "35  0.143880  0.158199  0.154196  0.271011  0.260708  0.280724  0.156934   \n",
      "36  0.141944  0.156764  0.152813  0.265550  0.255332  0.271839  0.156287   \n",
      "37  0.136619  0.150432  0.146509  0.250436  0.248362  0.258467  0.155699   \n",
      "11  0.386973  0.364121  0.372222  0.285366  0.301173  0.311054  0.372828   \n",
      "12  0.375527  0.346228  0.346076  0.263835  0.284327  0.293315  0.346284   \n",
      "13  0.397233  0.377982  0.379048  0.299499  0.322102  0.323219  0.374194   \n",
      "32  0.159888  0.172652  0.166899  0.283312  0.266754  0.284585  0.165911   \n",
      "33  0.142310  0.158560  0.152423  0.261154  0.246377  0.264242  0.149050   \n",
      "34  0.158046  0.172805  0.166070  0.278473  0.271746  0.281397  0.166667   \n",
      "\n",
      "           9        10        23  ...        22        35        36        37  \\\n",
      "14  0.390879  0.403748  0.124923  ...  0.314732  0.143880  0.141944  0.136619   \n",
      "15  0.390093  0.402262  0.139310  ...  0.307851  0.158199  0.156764  0.150432   \n",
      "16  0.382540  0.397010  0.133945  ...  0.343681  0.154196  0.152813  0.146509   \n",
      "29  0.285559  0.305430  0.204558  ...  0.212401  0.271011  0.265550  0.250436   \n",
      "30  0.310105  0.322892  0.200114  ...  0.234621  0.260708  0.255332  0.248362   \n",
      "31  0.303855  0.334923  0.201014  ...  0.225762  0.280724  0.271839  0.258467   \n",
      "8   0.690355  0.639594  0.132571  ...  0.254701  0.156934  0.156287  0.155699   \n",
      "9   1.000000  0.681895  0.132619  ...  0.248355  0.164350  0.162210  0.162194   \n",
      "10  0.681895  1.000000  0.140138  ...  0.259067  0.176799  0.175107  0.174147   \n",
      "23  0.132619  0.140138  1.000000  ...  0.088070  0.257563  0.254910  0.252104   \n",
      "24  0.125852  0.133298  0.691892  ...  0.079748  0.256696  0.251117  0.253521   \n",
      "25  0.127790  0.136416  0.623784  ...  0.081947  0.264706  0.256061  0.256939   \n",
      "38  0.148531  0.157397  0.247078  ...  0.091017  0.427759  0.458074  0.448941   \n",
      "39  0.149631  0.159483  0.241176  ...  0.088586  0.433550  0.460600  0.452952   \n",
      "40  0.156884  0.165359  0.249293  ...  0.093065  0.417412  0.447406  0.441218   \n",
      "17  0.334416  0.353846  0.107362  ...  0.371921  0.128927  0.125802  0.127204   \n",
      "18  0.329489  0.356021  0.107673  ...  0.361809  0.125741  0.122660  0.123418   \n",
      "19  0.259965  0.278899  0.080910  ...  0.375000  0.096904  0.092885  0.094254   \n",
      "26  0.277547  0.301846  0.214050  ...  0.205000  0.265282  0.258591  0.255429   \n",
      "27  0.287894  0.303797  0.224946  ...  0.195938  0.276633  0.264672  0.261434   \n",
      "28  0.303191  0.323367  0.227349  ...  0.207547  0.275779  0.262881  0.268363   \n",
      "20  0.265802  0.285959  0.097015  ...  0.675325  0.115232  0.109456  0.109068   \n",
      "21  0.263502  0.290435  0.090062  ...  0.646104  0.107804  0.102913  0.102662   \n",
      "22  0.248355  0.259067  0.088070  ...  1.000000  0.099206  0.096628  0.094423   \n",
      "35  0.164350  0.176799  0.257563  ...  0.099206  1.000000  0.661243  0.682162   \n",
      "36  0.162210  0.175107  0.254910  ...  0.096628  0.661243  1.000000  0.699012   \n",
      "37  0.162194  0.174147  0.252104  ...  0.094423  0.682162  0.699012  1.000000   \n",
      "11  0.366972  0.393548  0.132087  ...  0.313152  0.160103  0.153506  0.154371   \n",
      "12  0.345336  0.372617  0.115575  ...  0.326190  0.141628  0.135275  0.134347   \n",
      "13  0.359690  0.400000  0.129326  ...  0.327549  0.157347  0.154435  0.150249   \n",
      "32  0.174501  0.184158  0.233846  ...  0.108031  0.409302  0.433923  0.412241   \n",
      "33  0.158392  0.168988  0.231381  ...  0.102081  0.417327  0.439522  0.433186   \n",
      "34  0.176238  0.186188  0.234926  ...  0.114622  0.425916  0.442083  0.449657   \n",
      "\n",
      "          11        12        13        32        33        34  \n",
      "14  0.386973  0.375527  0.397233  0.159888  0.142310  0.158046  \n",
      "15  0.364121  0.346228  0.377982  0.172652  0.158560  0.172805  \n",
      "16  0.372222  0.346076  0.379048  0.166899  0.152423  0.166070  \n",
      "29  0.285366  0.263835  0.299499  0.283312  0.261154  0.278473  \n",
      "30  0.301173  0.284327  0.322102  0.266754  0.246377  0.271746  \n",
      "31  0.311054  0.293315  0.323219  0.284585  0.264242  0.281397  \n",
      "8   0.372828  0.346284  0.374194  0.165911  0.149050  0.166667  \n",
      "9   0.366972  0.345336  0.359690  0.174501  0.158392  0.176238  \n",
      "10  0.393548  0.372617  0.400000  0.184158  0.168988  0.186188  \n",
      "23  0.132087  0.115575  0.129326  0.233846  0.231381  0.234926  \n",
      "24  0.123677  0.107001  0.121705  0.233054  0.234187  0.231976  \n",
      "25  0.130305  0.112538  0.125526  0.239455  0.236721  0.237862  \n",
      "38  0.140472  0.119648  0.137891  0.422081  0.427166  0.434500  \n",
      "39  0.141268  0.118644  0.138143  0.431589  0.447539  0.439060  \n",
      "40  0.144592  0.119789  0.142026  0.422494  0.435644  0.432068  \n",
      "17  0.392354  0.396396  0.406250  0.133473  0.124041  0.139149  \n",
      "18  0.381633  0.394009  0.404255  0.133286  0.121622  0.136529  \n",
      "19  0.329621  0.342711  0.351981  0.100937  0.094799  0.106557  \n",
      "26  0.282380  0.263223  0.281991  0.279319  0.261655  0.283592  \n",
      "27  0.286523  0.256198  0.284730  0.286426  0.272832  0.294118  \n",
      "28  0.298932  0.272388  0.297232  0.281646  0.271176  0.292699  \n",
      "20  0.336756  0.362353  0.354701  0.122072  0.113489  0.127473  \n",
      "21  0.340292  0.373494  0.358696  0.115685  0.106935  0.122524  \n",
      "22  0.313152  0.326190  0.327549  0.108031  0.102081  0.114622  \n",
      "35  0.160103  0.141628  0.157347  0.409302  0.417327  0.425916  \n",
      "36  0.153506  0.135275  0.154435  0.433923  0.439522  0.442083  \n",
      "37  0.154371  0.134347  0.150249  0.412241  0.433186  0.449657  \n",
      "11  1.000000  0.613054  0.741259  0.162663  0.147335  0.169144  \n",
      "12  0.613054  1.000000  0.573427  0.139045  0.129094  0.143271  \n",
      "13  0.741259  0.573427  1.000000  0.162968  0.147468  0.168692  \n",
      "32  0.162663  0.139045  0.162968  1.000000  0.708978  0.598762  \n",
      "33  0.147335  0.129094  0.147468  0.708978  1.000000  0.682972  \n",
      "34  0.169144  0.143271  0.168692  0.598762  0.682972  1.000000  \n",
      "\n",
      "[33 rows x 33 columns]\n",
      "\n",
      "Label similarity, counts of common peaks\n",
      "     CAN   CS  LAB    PN   REG  RIP   RL  ROT    RU  SYL   TRI\n",
      "CAN  432  300  289   255   280  214  308  181   278  240   282\n",
      "CS   300  765  318   430   505  217  515  198   517  281   505\n",
      "LAB  289  318  591   280   326  227  328  188   317  280   313\n",
      "PN   255  430  280  1850   746  188  487  175   737  251   663\n",
      "REG  280  505  326   746  1912  212  544  191  1148  277  1092\n",
      "RIP  214  217  227   188   212  338  226  181   213  217   211\n",
      "RL   308  515  328   487   544  226  867  206   537  290   542\n",
      "ROT  181  198  188   175   191  181  206  308   185  185   191\n",
      "RU   278  517  317   737  1148  213  537  185  1721  281  1032\n",
      "SYL  240  281  280   251   277  217  290  185   281  429   270\n",
      "TRI  282  505  313   663  1092  211  542  191  1032  270  1615\n",
      "\n",
      "Label similarity, Jaccard indexes\n",
      "          CAN        CS       LAB        PN       REG       RIP        RL  \\\n",
      "CAN  1.000000  0.334448  0.393733  0.125802  0.135659  0.384892  0.310797   \n",
      "CS   0.334448  1.000000  0.306358  0.196796  0.232505  0.244921  0.461056   \n",
      "LAB  0.393733  0.306358  1.000000  0.129570  0.149747  0.323362  0.290265   \n",
      "PN   0.125802  0.196796  0.129570  1.000000  0.247347  0.094000  0.218386   \n",
      "REG  0.135659  0.232505  0.149747  0.247347  1.000000  0.104024  0.243400   \n",
      "RIP  0.384892  0.244921  0.323362  0.094000  0.104024  1.000000  0.230848   \n",
      "RL   0.310797  0.461056  0.290265  0.218386  0.243400  0.230848  1.000000   \n",
      "ROT  0.323792  0.226286  0.264416  0.088250  0.094135  0.389247  0.212590   \n",
      "RU   0.148267  0.262570  0.158897  0.260056  0.461972  0.115385  0.261824   \n",
      "SYL  0.386473  0.307777  0.378378  0.123767  0.134205  0.394545  0.288270   \n",
      "TRI  0.159773  0.269333  0.165346  0.236617  0.448460  0.121125  0.279381   \n",
      "\n",
      "          ROT        RU       SYL       TRI  \n",
      "CAN  0.323792  0.148267  0.386473  0.159773  \n",
      "CS   0.226286  0.262570  0.307777  0.269333  \n",
      "LAB  0.264416  0.158897  0.378378  0.165346  \n",
      "PN   0.088250  0.260056  0.123767  0.236617  \n",
      "REG  0.094135  0.461972  0.134205  0.448460  \n",
      "RIP  0.389247  0.115385  0.394545  0.121125  \n",
      "RL   0.212590  0.261824  0.288270  0.279381  \n",
      "ROT  1.000000  0.100325  0.335145  0.110277  \n",
      "RU   0.100325  1.000000  0.150348  0.447917  \n",
      "SYL  0.335145  0.150348  1.000000  0.152198  \n",
      "TRI  0.110277  0.447917  0.152198  1.000000  \n"
     ]
    }
   ],
   "source": [
    "print(sim_pos)"
   ]
  },
  {
   "cell_type": "code",
   "execution_count": 7,
   "metadata": {},
   "outputs": [
    {
     "name": "stdout",
     "output_type": "stream",
     "text": [
      "\n",
      "Sample similarity, counts of common peaks\n",
      "     14   15   16   29   30   31    8    9   10   23  ...   22   35   36   37  \\\n",
      "14  444  307  334  245  241  223  205  217  217  110  ...  163  157  160  171   \n",
      "15  307  338  228  151  147  135  175  187  188   37  ...  145  151  151  162   \n",
      "16  334  228  365  220  216  198  188  204  198  109  ...  115  140  142  153   \n",
      "29  245  151  220  674  647  589  175  181  177  149  ...  131  187  217  218   \n",
      "30  241  147  216  647  687  602  173  178  174  151  ...  131  191  224  225   \n",
      "31  223  135  198  589  602  629  158  163  160  151  ...  125  176  201  201   \n",
      "8   205  175  188  175  173  158  377  338  348   62  ...  130  220  143  230   \n",
      "9   217  187  204  181  178  163  338  402  373   64  ...  136  215  148  226   \n",
      "10  217  188  198  177  174  160  348  373  412   64  ...  133  222  144  234   \n",
      "23  110   37  109  149  151  151   62   64   64  351  ...   44   38   36   37   \n",
      "24  123   45  120  161  164  163   73   74   73  319  ...   55   47   45   44   \n",
      "25  123   45  120  164  167  166   73   73   72  333  ...   57   48   46   45   \n",
      "38  134  129  115  227  240  217  134  137  135   47  ...   98  238  264  267   \n",
      "39  126  120  110  230  242  220  127  131  128   48  ...   99  481  515  508   \n",
      "40  137  130  120  230  239  219  139  142  140   50  ...  101  497  522  523   \n",
      "17  178  164  138  140  140  129  238  231  241   49  ...  162  213  130  216   \n",
      "18  192  178  149  155  155  141  245  233  243   49  ...  174  220  142  226   \n",
      "19  179  166  139  150  150  138  251  242  253   49  ...  169  214  133  219   \n",
      "26  206  117  186  495  505  491  146  150  146  155  ...  127  157  185  187   \n",
      "27  138  119  116  389  396  392  138  139  133   69  ...  127  158  172  170   \n",
      "28  202  114  182  494  496  485  143  147  142  160  ...  128  155  176  177   \n",
      "20  177  157  118  132  133  126  132  139  135   43  ...  439  104  111  109   \n",
      "21  161  141  110  123  123  118  122  128  125   43  ...  394   96  104  100   \n",
      "22  163  145  115  131  131  125  130  136  133   44  ...  464  103  111  109   \n",
      "35  157  151  140  187  191  176  220  215  222   38  ...  103  806  635  747   \n",
      "36  160  151  142  217  224  201  143  148  144   36  ...  111  635  732  673   \n",
      "37  171  162  153  218  225  201  230  226  234   37  ...  109  747  673  844   \n",
      "11  293  193  270  256  251  240  224  236  229  123  ...  150  165  170  177   \n",
      "12  318  213  263  262  256  245  210  222  218  124  ...  180  154  159  167   \n",
      "13  313  212  263  255  251  237  227  238  231  124  ...  181  161  163  171   \n",
      "32  120  116  106  188  192  182  111  116  113   34  ...   94  319  315  320   \n",
      "33  164  163  150  212  226  196  143  153  150   34  ...   92  334  357  373   \n",
      "34  171  169  155  242  253  223  149  158  157   40  ...  101  357  376  395   \n",
      "\n",
      "     11   12   13   32   33   34  \n",
      "14  293  318  313  120  164  171  \n",
      "15  193  213  212  116  163  169  \n",
      "16  270  263  263  106  150  155  \n",
      "29  256  262  255  188  212  242  \n",
      "30  251  256  251  192  226  253  \n",
      "31  240  245  237  182  196  223  \n",
      "8   224  210  227  111  143  149  \n",
      "9   236  222  238  116  153  158  \n",
      "10  229  218  231  113  150  157  \n",
      "23  123  124  124   34   34   40  \n",
      "24  134  134  135   37   40   45  \n",
      "25  135  135  135   39   39   47  \n",
      "38  149  143  142  226  245  283  \n",
      "39  143  136  139  317  332  369  \n",
      "40  154  148  149  323  338  376  \n",
      "17  176  188  200  105  117  129  \n",
      "18  182  202  204  116  126  140  \n",
      "19  183  194  206  110  117  129  \n",
      "26  225  230  224  164  175  198  \n",
      "27  152  152  148  161  159  185  \n",
      "28  219  225  219  158  168  187  \n",
      "20  151  188  189   94   94  102  \n",
      "21  142  175  173   87   86   95  \n",
      "22  150  180  181   94   92  101  \n",
      "35  165  154  161  319  334  357  \n",
      "36  170  159  163  315  357  376  \n",
      "37  177  167  171  320  373  395  \n",
      "11  426  379  365  131  151  168  \n",
      "12  379  449  388  122  138  152  \n",
      "13  365  388  435  123  146  158  \n",
      "32  131  122  123  584  392  532  \n",
      "33  151  138  146  392  646  594  \n",
      "34  168  152  158  532  594  786  \n",
      "\n",
      "[33 rows x 33 columns]\n",
      "\n",
      "Sample similarity, Jaccard indexes\n",
      "          14        15        16        29        30        31         8  \\\n",
      "14  1.000000  0.646316  0.703158  0.280641  0.270787  0.262353  0.332792   \n",
      "15  0.646316  1.000000  0.480000  0.175377  0.167426  0.162260  0.324074   \n",
      "16  0.703158  0.480000  1.000000  0.268620  0.258373  0.248744  0.339350   \n",
      "29  0.280641  0.175377  0.268620  1.000000  0.906162  0.824930  0.199772   \n",
      "30  0.270787  0.167426  0.258373  0.906162  1.000000  0.843137  0.194164   \n",
      "31  0.262353  0.162260  0.248744  0.824930  0.843137  1.000000  0.186321   \n",
      "8   0.332792  0.324074  0.339350  0.199772  0.194164  0.186321  1.000000   \n",
      "9   0.344992  0.338156  0.362345  0.202235  0.195390  0.187788  0.766440   \n",
      "10  0.339593  0.334520  0.341969  0.194719  0.188108  0.181612  0.789116   \n",
      "23  0.160584  0.056748  0.179572  0.170091  0.170237  0.182147  0.093093   \n",
      "24  0.175464  0.066865  0.192000  0.180291  0.181617  0.192671  0.106725   \n",
      "25  0.172028  0.065502  0.187793  0.181416  0.182713  0.193699  0.104585   \n",
      "38  0.146608  0.158672  0.134660  0.215985  0.228354  0.213583  0.158205   \n",
      "39  0.103960  0.107914  0.095735  0.171898  0.180732  0.168841  0.111014   \n",
      "40  0.111746  0.115350  0.103093  0.168745  0.174835  0.164786  0.120138   \n",
      "17  0.238926  0.251149  0.195467  0.138203  0.136452  0.131767  0.385113   \n",
      "18  0.270042  0.287561  0.220741  0.158487  0.156408  0.148891  0.414552   \n",
      "19  0.243537  0.258567  0.199713  0.150905  0.148957  0.143600  0.421141   \n",
      "26  0.243499  0.141134  0.236341  0.628971  0.639241  0.658177  0.174017   \n",
      "27  0.174023  0.168555  0.157609  0.503886  0.508997  0.541436  0.190083   \n",
      "28  0.241050  0.139024  0.233633  0.636598  0.630241  0.655405  0.172289   \n",
      "20  0.236315  0.236802  0.161866  0.128906  0.128378  0.127919  0.181568   \n",
      "21  0.223611  0.222397  0.158960  0.124494  0.122877  0.124473  0.176301   \n",
      "22  0.218792  0.220700  0.161064  0.130089  0.128431  0.129132  0.182841   \n",
      "35  0.143641  0.152064  0.135790  0.144625  0.146697  0.139793  0.228453   \n",
      "36  0.157480  0.164309  0.148691  0.182506  0.187448  0.173276  0.148033   \n",
      "37  0.153089  0.158824  0.144886  0.167692  0.172282  0.158019  0.232089   \n",
      "11  0.507799  0.338004  0.518234  0.303318  0.291183  0.294479  0.386874   \n",
      "12  0.553043  0.371080  0.477314  0.304297  0.290909  0.294118  0.340909   \n",
      "13  0.553004  0.377897  0.489758  0.298595  0.288175  0.286578  0.388034   \n",
      "32  0.132159  0.143921  0.125741  0.175701  0.177943  0.176528  0.130588   \n",
      "33  0.177106  0.198538  0.174216  0.191336  0.204155  0.181650  0.162500   \n",
      "34  0.161473  0.176963  0.155622  0.198686  0.207377  0.187081  0.146943   \n",
      "\n",
      "           9        10        23  ...        22        35        36        37  \\\n",
      "14  0.344992  0.339593  0.160584  ...  0.218792  0.143641  0.157480  0.153089   \n",
      "15  0.338156  0.334520  0.056748  ...  0.220700  0.152064  0.164309  0.158824   \n",
      "16  0.362345  0.341969  0.179572  ...  0.161064  0.135790  0.148691  0.144886   \n",
      "29  0.202235  0.194719  0.170091  ...  0.130089  0.144625  0.182506  0.167692   \n",
      "30  0.195390  0.188108  0.170237  ...  0.128431  0.146697  0.187448  0.172282   \n",
      "31  0.187788  0.181612  0.182147  ...  0.129132  0.139793  0.173276  0.158019   \n",
      "8   0.766440  0.789116  0.093093  ...  0.182841  0.228453  0.148033  0.232089   \n",
      "9   1.000000  0.845805  0.092888  ...  0.186301  0.216516  0.150101  0.221569   \n",
      "10  0.845805  1.000000  0.091559  ...  0.179004  0.222892  0.144000  0.228963   \n",
      "23  0.092888  0.091559  1.000000  ...  0.057069  0.033959  0.034384  0.031952   \n",
      "24  0.104520  0.101530  0.774272  ...  0.069708  0.041264  0.042174  0.037288   \n",
      "25  0.100968  0.098093  0.808252  ...  0.071161  0.041667  0.042593  0.037720   \n",
      "38  0.157652  0.153235  0.051762  ...  0.101031  0.203072  0.246269  0.226080   \n",
      "39  0.112446  0.108659  0.040100  ...  0.078634  0.394586  0.463546  0.413008   \n",
      "40  0.120441  0.117548  0.040984  ...  0.078783  0.404723  0.462356  0.421774   \n",
      "17  0.355385  0.370769  0.062740  ...  0.207426  0.198694  0.120259  0.195122   \n",
      "18  0.371019  0.386943  0.064389  ...  0.232310  0.210526  0.135367  0.209842   \n",
      "19  0.384127  0.402226  0.063472  ...  0.220915  0.201507  0.124415  0.200000   \n",
      "26  0.174419  0.167048  0.192786  ...  0.134392  0.124901  0.160173  0.147826   \n",
      "27  0.185333  0.173629  0.089727  ...  0.154126  0.139207  0.164279  0.146425   \n",
      "28  0.172738  0.163972  0.203304  ...  0.137339  0.124298  0.152778  0.140143   \n",
      "20  0.186577  0.177866  0.054430  ...  0.865878  0.087838  0.100635  0.089565   \n",
      "21  0.180028  0.172652  0.057718  ...  0.777120  0.083697  0.097653  0.084674   \n",
      "22  0.186301  0.179004  0.057069  ...  1.000000  0.088260  0.102304  0.090909   \n",
      "35  0.216516  0.222892  0.033959  ...  0.088260  1.000000  0.703212  0.827243   \n",
      "36  0.150101  0.144000  0.034384  ...  0.102304  0.703212  1.000000  0.745293   \n",
      "37  0.221569  0.228963  0.031952  ...  0.090909  0.827243  0.745293  1.000000   \n",
      "11  0.398649  0.376026  0.188073  ...  0.202703  0.154639  0.172065  0.161940   \n",
      "12  0.352941  0.339036  0.183432  ...  0.245566  0.139873  0.155577  0.148313   \n",
      "13  0.397329  0.375000  0.187311  ...  0.252089  0.149074  0.162351  0.154332   \n",
      "32  0.133333  0.127973  0.037736  ...  0.098532  0.297852  0.314685  0.288809   \n",
      "33  0.170950  0.165198  0.035306  ...  0.090373  0.298748  0.349657  0.333930   \n",
      "34  0.153398  0.150817  0.036463  ...  0.087903  0.289069  0.329247  0.319838   \n",
      "\n",
      "          11        12        13        32        33        34  \n",
      "14  0.507799  0.553043  0.553004  0.132159  0.177106  0.161473  \n",
      "15  0.338004  0.371080  0.377897  0.143921  0.198538  0.176963  \n",
      "16  0.518234  0.477314  0.489758  0.125741  0.174216  0.155622  \n",
      "29  0.303318  0.304297  0.298595  0.175701  0.191336  0.198686  \n",
      "30  0.291183  0.290909  0.288175  0.177943  0.204155  0.207377  \n",
      "31  0.294479  0.294118  0.286578  0.176528  0.181650  0.187081  \n",
      "8   0.386874  0.340909  0.388034  0.130588  0.162500  0.146943  \n",
      "9   0.398649  0.352941  0.397329  0.133333  0.170950  0.153398  \n",
      "10  0.376026  0.339036  0.375000  0.127973  0.165198  0.150817  \n",
      "23  0.188073  0.183432  0.187311  0.037736  0.035306  0.036463  \n",
      "24  0.199405  0.192806  0.198529  0.039914  0.040568  0.040143  \n",
      "25  0.197080  0.190678  0.194524  0.041534  0.038961  0.041483  \n",
      "38  0.169126  0.157143  0.158305  0.234927  0.243781  0.255646  \n",
      "39  0.121495  0.112676  0.116807  0.273040  0.274834  0.281465  \n",
      "40  0.129303  0.121311  0.123651  0.273729  0.275469  0.282919  \n",
      "17  0.241427  0.254054  0.280112  0.109603  0.116071  0.113556  \n",
      "18  0.258890  0.286119  0.295652  0.125135  0.128703  0.126697  \n",
      "19  0.256662  0.267586  0.294707  0.116525  0.117117  0.114463  \n",
      "26  0.278121  0.278114  0.273504  0.159533  0.162187  0.165552  \n",
      "27  0.199737  0.193878  0.191214  0.176923  0.163244  0.170037  \n",
      "28  0.272727  0.274390  0.269704  0.154599  0.156425  0.156485  \n",
      "20  0.199472  0.253028  0.259615  0.096708  0.090909  0.087479  \n",
      "21  0.196949  0.246132  0.247496  0.093148  0.086259  0.084220  \n",
      "22  0.202703  0.245566  0.252089  0.098532  0.090373  0.087903  \n",
      "35  0.154639  0.139873  0.149074  0.297852  0.298748  0.289069  \n",
      "36  0.172065  0.155577  0.162351  0.314685  0.349657  0.329247  \n",
      "37  0.161940  0.148313  0.154332  0.288809  0.333930  0.319838  \n",
      "11  1.000000  0.764113  0.735887  0.149033  0.163952  0.160920  \n",
      "12  0.764113  1.000000  0.782258  0.133919  0.144201  0.140351  \n",
      "13  0.735887  0.782258  1.000000  0.137277  0.156150  0.148636  \n",
      "32  0.149033  0.133919  0.137277  1.000000  0.467780  0.634845  \n",
      "33  0.163952  0.144201  0.156150  0.467780  1.000000  0.708831  \n",
      "34  0.160920  0.140351  0.148636  0.634845  0.708831  1.000000  \n",
      "\n",
      "[33 rows x 33 columns]\n",
      "\n",
      "Label similarity, counts of common peaks\n",
      "     CAN   CS  LAB   PN  REG  RIP   RL  ROT   RU  SYL  TRI\n",
      "CAN  475  247  234  125  142  207  219  179  176  337  179\n",
      "CS   247  714  187  171  259  160  537  136  236  270  270\n",
      "LAB  234  187  441   77  148  279  162  143  242  251  163\n",
      "PN   125  171   77  412   62   62  182   57   48  141   49\n",
      "REG  142  259  148   62  957  141  225  105  545  162  414\n",
      "RIP  207  160  279   62  141  540  145  195  232  233  143\n",
      "RL   219  537  162  182  225  145  655  141  205  246  222\n",
      "ROT  179  136  143   57  105  195  141  507  115  201  105\n",
      "RU   176  236  242   48  545  232  205  115  903  186  433\n",
      "SYL  337  270  251  141  162  233  246  201  186  496  172\n",
      "TRI  179  270  163   49  414  143  222  105  433  172  838\n",
      "\n",
      "Label similarity, Jaccard indexes\n",
      "          CAN        CS       LAB        PN       REG       RIP        RL  \\\n",
      "CAN  1.000000  0.262208  0.343109  0.164042  0.110078  0.256188  0.240395   \n",
      "CS   0.262208  1.000000  0.193182  0.179058  0.183428  0.146252  0.645433   \n",
      "LAB  0.343109  0.193182  1.000000  0.099227  0.118400  0.397436  0.173448   \n",
      "PN   0.164042  0.179058  0.099227  1.000000  0.047437  0.069663  0.205650   \n",
      "REG  0.110078  0.183428  0.118400  0.047437  1.000000  0.103982  0.162221   \n",
      "RIP  0.256188  0.146252  0.397436  0.069663  0.103982  1.000000  0.138095   \n",
      "RL   0.240395  0.645433  0.173448  0.205650  0.162221  0.138095  1.000000   \n",
      "ROT  0.222914  0.125346  0.177640  0.066125  0.077263  0.228873  0.138100   \n",
      "RU   0.146423  0.170891  0.219601  0.037885  0.414449  0.191577  0.151515   \n",
      "SYL  0.531546  0.287234  0.365889  0.183833  0.125484  0.290162  0.271823   \n",
      "TRI  0.157848  0.210608  0.146057  0.040799  0.299783  0.115789  0.174666   \n",
      "\n",
      "          ROT        RU       SYL       TRI  \n",
      "CAN  0.222914  0.146423  0.531546  0.157848  \n",
      "CS   0.125346  0.170891  0.287234  0.210608  \n",
      "LAB  0.177640  0.219601  0.365889  0.146057  \n",
      "PN   0.066125  0.037885  0.183833  0.040799  \n",
      "REG  0.077263  0.414449  0.125484  0.299783  \n",
      "RIP  0.228873  0.191577  0.290162  0.115789  \n",
      "RL   0.138100  0.151515  0.271823  0.174666  \n",
      "ROT  1.000000  0.088803  0.250623  0.084677  \n",
      "RU   0.088803  1.000000  0.153339  0.331040  \n",
      "SYL  0.250623  0.153339  1.000000  0.148021  \n",
      "TRI  0.084677  0.331040  0.148021  1.000000  \n"
     ]
    }
   ],
   "source": [
    "print(sim_neg)"
   ]
  },
  {
   "cell_type": "markdown",
   "metadata": {},
   "source": [
    "### Clustermap peak list function"
   ]
  },
  {
   "cell_type": "code",
   "execution_count": 8,
   "metadata": {},
   "outputs": [],
   "source": [
    "def clustermap_peak_list(aligned):\n",
    "    aligned_01 = aligned.copy()\n",
    "    aligned_01[aligned_01.notnull()] = 1\n",
    "    aligned_01[aligned_01.isnull()] = 0\n",
    "    aligned_01.columns = aligned_01.cdl.samples\n",
    "\n",
    "    ulabels = aligned.cdl.unique_labels\n",
    "    n = len(ulabels)\n",
    "    \n",
    "    p = sns.color_palette() + sns.color_palette(\"Set1\", n_colors=n-10, desat=.5)\n",
    "    sample_to_labels = pd.Series(aligned.cdl.labels, index=aligned.cdl.samples)\n",
    "    label_colors = pd.Series(p, index=ulabels)\n",
    "    sample_colors = sample_to_labels.map(label_colors)\n",
    "    \n",
    "    g = sns.clustermap(aligned_01, metric=\"jaccard\", figsize=(15, 20), \n",
    "                       row_cluster=False,\n",
    "                       col_colors=sample_colors,\n",
    "                       yticklabels=False)\n",
    "    # fix bug in seaborn, error in clustermap if cbar == False\n",
    "    ax=g.cax; aax=ax.clear(); aax = ax.axis('off'); \n",
    "\n",
    "    # draw legend\n",
    "    lpatches = [mpatches.Patch(color=c, label=lbl) for (lbl, c) in label_colors.iteritems()]\n",
    "    leg = plt.legend(handles=lpatches, fontsize=20)\n",
    "    return g\n",
    "    "
   ]
  },
  {
   "cell_type": "code",
   "execution_count": 9,
   "metadata": {},
   "outputs": [
    {
     "name": "stdout",
     "output_type": "stream",
     "text": [
      "Sample HC, NEGATIVE mode\n"
     ]
    },
    {
     "data": {
