{
 "cells": [
  {
   "cell_type": "markdown",
   "metadata": {},
   "source": [
    "## File with dataset used for paper figures (after different formatation)\n",
    "\n",
    "### Warning: Due to a misstep, the original figures will have to be changed with a new analysis\n",
    "\n",
    "### Imports"
   ]
  },
  {
   "cell_type": "code",
   "execution_count": 1,
   "metadata": {},
   "outputs": [],
   "source": [
    "import numpy as np\n",
    "import pandas as pd\n",
    "import scipy.spatial.distance as dist\n",
    "import scipy.cluster.hierarchy as hier\n",
    "import scipy.stats as stats\n",
    "\n",
    "import matplotlib.pyplot as plt\n",
    "import matplotlib.patches as mpatches\n",
    "from matplotlib import cm\n",
    "import seaborn as sns\n",
    "\n",
    "import metabolinks as mtl\n",
    "import metabolinks.transformations as transf\n",
    "from metabolinks.similarity import mz_similarity\n",
    "\n",
    "import scaling as sca\n",
    "import multianalysis as ma"
   ]
  },
  {
   "cell_type": "code",
   "execution_count": 2,
   "metadata": {},
   "outputs": [],
   "source": [
    "%matplotlib inline"
   ]
  },
  {
   "cell_type": "markdown",
   "metadata": {},
   "source": [
    "### Similarity analysis without CHT, CFN and SB samples.\n",
    "\n",
    "### Peak alignments analysed: \n",
    "#### 1 - 1st alignment: min_sample = 2, 2nd alignment: min_sample = 1 - NAME: 2-1 / Original\n",
    "#### 2 - 1st alignment: min_sample = 1, 2nd alignment: min_sample = 2 - NAME: 1-2\n",
    "\n",
    "All further changes to code will first be implemented on the original similarity_analysis. This is an altered version of said original.\n",
    "\n",
    "To better understand the functions used outside of normal Python packages, see scaling.py and multianalysis.py where they are better described and try tosay what is happening in each block of code."
   ]
  },
  {
   "cell_type": "code",
   "execution_count": 3,
   "metadata": {},
   "outputs": [],
   "source": [
    "def read_aligned_files(filename):\n",
    "    \"\"\"Short function to read the aligned files fast while putting the MultiIndex in the correct order for the CDL accessor.\"\"\"\n",
    "    df = pd.read_csv(filename, header = None, index_col = [0])\n",
    "    df.index.name = 'm/z'\n",
    "    mi = pd.concat([df.iloc[1, :],df.iloc[0, :]], axis = 'columns')\n",
    "    mi = pd.MultiIndex.from_frame(mi)\n",
    "    final_file = pd.read_csv(filename, header = [0,1], index_col = [0])\n",
    "    final_file.columns = mi\n",
    "    return final_file"
   ]
  },
  {
   "cell_type": "markdown",
   "metadata": {},
   "source": [
    "## Similarity analysis\n",
    "\n",
    "aligned_all_neg = negative dataset alignment 2-1 (Original) / aligned_neg - binary matrix equivalent\n",
    "\n",
    "aligned_all_pos = positive dataset alignment 2-1 (Original) / aligned_pos - binary matrix equivalent\n",
    "\n",
    "aligned_all_neg2 = negative dataset alignment 1-6 / aligned_neg2 - binary matrix equivalent\n",
    "\n",
    "aligned_all_pos2 = positive dataset alignment 1-6 / aligned_pos2 - binary matrix equivalent"
   ]
  },
  {
   "cell_type": "markdown",
   "metadata": {},
   "source": [
    "### Read aligned data of the 1st alignment 2-1 - Analysis of this one first"
   ]
  },
  {
   "cell_type": "code",
   "execution_count": 4,
   "metadata": {},
   "outputs": [],
   "source": [
    "aligned_all_pos_f = pd.HDFStore('alignments.h5').get('groups_1ppm_min2_all_1ppm_pos')\n",
    "aligned_all_neg_f = pd.HDFStore('alignments.h5').get('groups_1ppm_min2_all_1ppm_neg')\n",
    "\n",
    "aligned_all_neg = aligned_all_neg_f.iloc[:,:33]\n",
    "aligned_all_pos = aligned_all_pos_f.iloc[:,:33]"
   ]
  },
  {
   "cell_type": "markdown",
   "metadata": {},
   "source": [
    "### Removing features that only appeared in CHT, CFN and SB samples"
   ]
  },
  {
   "cell_type": "code",
   "execution_count": 5,
   "metadata": {},
   "outputs": [],
   "source": [
    "# Function keep_atleast accepts argument min_samples\n",
    "# (integer: number of samples, [0,1[: fraction to keep)\n",
    "\n",
    "aligned_all_neg = transf.keep_atleast(aligned_all_neg, min_samples=2)\n",
    "aligned_all_pos = transf.keep_atleast(aligned_all_pos, min_samples=2)"
   ]
  },
  {
   "cell_type": "markdown",
   "metadata": {},
   "source": [
    "### Compute m/z similarities - Not present in yeast_new (maybe take out in future versions except first cell)"
   ]
  },
  {
   "cell_type": "code",
   "execution_count": 6,
   "metadata": {},
   "outputs": [],
   "source": [
    "sim_pos = mz_similarity(aligned_all_pos, has_labels = True)\n",
    "sim_neg = mz_similarity(aligned_all_neg, has_labels = True)"
   ]
  },
  {
   "cell_type": "code",
   "execution_count": 7,
   "metadata": {},
   "outputs": [
    {
     "name": "stdout",
     "output_type": "stream",
     "text": [
      "\n",
      "Sample similarity, counts of common peaks\n",
      "     14   15   16   29   30   31    8    9   10    23  ...   22    35    36  \\\n",
      "14  330  277  253  197  195  189  204  210  203   147  ...  124   173   179   \n",
      "15  277  379  302  229  228  219  220  225  215   175  ...  138   192   195   \n",
      "16  253  302  355  217  215  211  206  207  201   159  ...  142   180   182   \n",
      "29  197  229  217  667  514  526  227  229  232   304  ...  149   357   354   \n",
      "30  195  228  215  514  612  471  232  232  231   280  ...  150   329   328   \n",
      "31  189  219  211  526  471  624  228  233  235   290  ...  148   351   346   \n",
      "8   204  220  206  227  232  228  489  399  369   178  ...  135   190   194   \n",
      "9   210  225  207  229  232  233  399  501  381   180  ...  138   203   204   \n",
      "10  203  215  201  232  231  235  369  381  471   177  ...  138   211   212   \n",
      "23  147  175  159  304  280  290  178  180  177  1487  ...  119   480   486   \n",
      "24  147  172  158  304  282  293  183  186  184  1246  ...  117   498   505   \n",
      "25  142  171  155  292  265  282  173  175  176  1095  ...  108   482   482   \n",
      "38  171  194  177  351  314  335  203  209  216   497  ...  123   776   819   \n",
      "39  177  200  182  356  323  343  209  212  221   500  ...  129   779   825   \n",
      "40  172  192  179  346  312  333  208  217  223   499  ...  129   745   802   \n",
      "17  151  170  167  170  177  173  177  180  184   153  ...  138   149   147   \n",
      "18  153  168  164  171  173  171  172  175  182   152  ...  132   146   145   \n",
      "19  118  129  132  137  140  141  129  132  134   114  ...  114   111   113   \n",
      "26  200  229  223  375  362  367  223  223  226   309  ...  150   350   353   \n",
      "27  210  240  229  399  374  374  231  234  233   328  ...  146   368   362   \n",
      "28  206  232  225  381  369  361  227  234  237   332  ...  152   354   347   \n",
      "20  125  140  141  158  158  163  143  144  148   127  ...  198   136   138   \n",
      "21  125  138  140  144  145  148  146  143  150   119  ...  191   122   123   \n",
      "22  124  138  142  149  150  148  135  138  138   119  ...  240   119   122   \n",
      "35  173  192  180  357  329  351  190  203  211   480  ...  119  1395  1106   \n",
      "36  179  195  182  354  328  346  194  204  212   486  ...  122  1106  1432   \n",
      "37  173  191  181  344  323  334  192  208  212   490  ...  122  1122  1159   \n",
      "11  180  189  185  222  216  221  218  220  223   177  ...  131   187   186   \n",
      "12  154  160  156  182  181  182  180  184  188   146  ...  119   158   156   \n",
      "13  174  184  178  212  212  214  204  201  209   168  ...  133   176   178   \n",
      "32  179  201  193  349  317  337  199  212  217   440  ...  130   691   744   \n",
      "33  178  203  193  354  322  341  201  214  220   451  ...  134   733   778   \n",
      "34  172  195  186  345  320  330  199  213  215   432  ...  135   696   725   \n",
      "\n",
      "      37   11   12   13    32    33    34  \n",
      "14   173  180  154  174   179   178   172  \n",
      "15   191  189  160  184   201   203   195  \n",
      "16   181  185  156  178   193   193   186  \n",
      "29   344  222  182  212   349   354   345  \n",
      "30   323  216  181  212   317   322   320  \n",
      "31   334  221  182  214   337   341   330  \n",
      "8    192  218  180  204   199   201   199  \n",
      "9    208  220  184  201   212   214   213  \n",
      "10   212  223  188  209   217   220   215  \n",
      "23   490  177  146  168   440   451   432  \n",
      "24   511  179  148  170   452   473   444  \n",
      "25   483  172  140  166   435   449   429  \n",
      "38   812  186  149  175   763   797   766  \n",
      "39   818  190  156  180   781   833   766  \n",
      "40   804  186  152  179   771   817   766  \n",
      "17   152  177  159  177   154   160   165  \n",
      "18   150  172  155  171   149   153   156  \n",
      "19   115  133  127  138   119   120   124  \n",
      "26   347  218  186  206   360   364   357  \n",
      "27   363  222  184  210   373   376   370  \n",
      "28   349  226  185  209   365   377   369  \n",
      "20   139  142  134  143   143   148   148  \n",
      "21   123  143  134  143   131   135   137  \n",
      "22   122  131  119  133   130   134   135  \n",
      "35  1122  187  158  176   691   733   696  \n",
      "36  1159  186  156  178   744   778   725  \n",
      "37  1448  187  156  176   711   764   729  \n",
      "11   187  381  252  305   197   198   199  \n",
      "12   156  252  300  224   161   163   158  \n",
      "13   176  305  224  353   188   190   194  \n",
      "32   711  197  161  188  1300  1099   934  \n",
      "33   764  198  163  190  1099  1414  1048  \n",
      "34   729  199  158  194   934  1048  1249  \n",
      "\n",
      "[33 rows x 33 columns]\n",
      "\n",
      "Sample similarity, Jaccard indexes\n",
      "          14        15        16        29        30        31         8  \\\n",
      "14  1.000000  0.641204  0.585648  0.246250  0.261044  0.247059  0.331707   \n",
      "15  0.641204  1.000000  0.699074  0.280294  0.298820  0.279337  0.339506   \n",
      "16  0.585648  0.699074  1.000000  0.269565  0.285904  0.274740  0.322884   \n",
      "29  0.246250  0.280294  0.269565  1.000000  0.671895  0.687582  0.244349   \n",
      "30  0.261044  0.298820  0.285904  0.671895  1.000000  0.615686  0.266974   \n",
      "31  0.247059  0.279337  0.274740  0.687582  0.615686  1.000000  0.257627   \n",
      "8   0.331707  0.339506  0.322884  0.244349  0.266974  0.257627  1.000000   \n",
      "9   0.338164  0.343511  0.318952  0.243876  0.263337  0.261211  0.675127   \n",
      "10  0.339465  0.338583  0.321600  0.256071  0.271127  0.273256  0.624365   \n",
      "23  0.088024  0.103489  0.094474  0.164324  0.153931  0.159253  0.098999   \n",
      "24  0.082031  0.094714  0.087486  0.154158  0.145436  0.151031  0.095561   \n",
      "25  0.086270  0.102641  0.093486  0.159302  0.146814  0.156667  0.097520   \n",
      "38  0.098502  0.110102  0.100855  0.185420  0.167467  0.179528  0.108964   \n",
      "39  0.099831  0.111173  0.101506  0.184360  0.169199  0.180431  0.110000   \n",
      "40  0.098964  0.108659  0.101936  0.182009  0.165957  0.177980  0.111768   \n",
      "17  0.310700  0.329457  0.337374  0.211443  0.238544  0.228232  0.285945   \n",
      "18  0.326923  0.334661  0.340249  0.217281  0.236986  0.229839  0.282895   \n",
      "19  0.280952  0.281659  0.306265  0.185637  0.205882  0.204052  0.227113   \n",
      "26  0.240674  0.269095  0.267707  0.377644  0.380652  0.383090  0.230610   \n",
      "27  0.244755  0.273660  0.265046  0.396620  0.383197  0.378543  0.231928   \n",
      "28  0.249395  0.273263  0.270433  0.385628  0.390476  0.374093  0.235477   \n",
      "20  0.265393  0.277228  0.293750  0.203871  0.219444  0.224209  0.233660   \n",
      "21  0.269397  0.276000  0.295359  0.184143  0.199725  0.201361  0.242525   \n",
      "22  0.278027  0.286902  0.313466  0.196570  0.213675  0.206704  0.227273   \n",
      "35  0.111469  0.121365  0.114650  0.209384  0.196067  0.210432  0.112161   \n",
      "36  0.113076  0.120668  0.113396  0.202865  0.191142  0.202339  0.112334   \n",
      "37  0.107788  0.116748  0.111591  0.194241  0.185953  0.192175  0.110029   \n",
      "11  0.338983  0.330998  0.335753  0.268765  0.277992  0.281888  0.334356   \n",
      "12  0.323529  0.308285  0.312625  0.231847  0.247606  0.245283  0.295567   \n",
      "13  0.341847  0.335766  0.335849  0.262376  0.281541  0.280472  0.319749   \n",
      "32  0.123363  0.135995  0.132011  0.215698  0.198746  0.212350  0.125157   \n",
      "33  0.113665  0.127673  0.122462  0.204980  0.188967  0.200943  0.118096   \n",
      "34  0.122246  0.136078  0.131171  0.219605  0.207657  0.213869  0.129305   \n",
      "\n",
      "           9        10        23  ...        22        35        36        37  \\\n",
      "14  0.338164  0.339465  0.088024  ...  0.278027  0.111469  0.113076  0.107788   \n",
      "15  0.343511  0.338583  0.103489  ...  0.286902  0.121365  0.120668  0.116748   \n",
      "16  0.318952  0.321600  0.094474  ...  0.313466  0.114650  0.113396  0.111591   \n",
      "29  0.243876  0.256071  0.164324  ...  0.196570  0.209384  0.202865  0.194241   \n",
      "30  0.263337  0.271127  0.153931  ...  0.213675  0.196067  0.191142  0.185953   \n",
      "31  0.261211  0.273256  0.159253  ...  0.206704  0.210432  0.202339  0.192175   \n",
      "8   0.675127  0.624365  0.098999  ...  0.227273  0.112161  0.112334  0.110029   \n",
      "9   1.000000  0.644670  0.099558  ...  0.228856  0.119905  0.117987  0.119472   \n",
      "10  0.644670  1.000000  0.099382  ...  0.240838  0.127492  0.125370  0.124194   \n",
      "23  0.099558  0.099382  1.000000  ...  0.074005  0.199833  0.199753  0.200409   \n",
      "24  0.096674  0.097046  0.673514  ...  0.067552  0.198723  0.199132  0.200707   \n",
      "25  0.098094  0.100399  0.591892  ...  0.067925  0.203290  0.200166  0.199340   \n",
      "38  0.111825  0.117904  0.193611  ...  0.072609  0.353370  0.373973  0.366923   \n",
      "39  0.111053  0.118182  0.191791  ...  0.074523  0.348390  0.370454  0.363556   \n",
      "40  0.116416  0.121991  0.194315  ...  0.076286  0.334081  0.362896  0.361511   \n",
      "17  0.286624  0.309764  0.093236  ...  0.337408  0.095943  0.092337  0.094822   \n",
      "18  0.283630  0.313793  0.093481  ...  0.330827  0.094805  0.091888  0.094399   \n",
      "19  0.228769  0.245872  0.072106  ...  0.341317  0.074397  0.074001  0.074627   \n",
      "26  0.227783  0.238901  0.164449  ...  0.189633  0.200458  0.198315  0.192564   \n",
      "27  0.232836  0.238730  0.172905  ...  0.175481  0.208499  0.200221  0.199122   \n",
      "28  0.241486  0.253205  0.178783  ...  0.192405  0.203098  0.194180  0.193781   \n",
      "20  0.231140  0.251273  0.078106  ...  0.642857  0.089180  0.088462  0.088254   \n",
      "21  0.231767  0.258621  0.073141  ...  0.620130  0.079634  0.078444  0.077652   \n",
      "22  0.228856  0.240838  0.074005  ...  1.000000  0.078496  0.078710  0.077905   \n",
      "35  0.119905  0.127492  0.199833  ...  0.078496  1.000000  0.642650  0.651947   \n",
      "36  0.117987  0.125370  0.199753  ...  0.078710  0.642650  1.000000  0.673446   \n",
      "37  0.119472  0.124194  0.200409  ...  0.077905  0.651947  0.673446  1.000000   \n",
      "11  0.332326  0.354531  0.104672  ...  0.267347  0.117684  0.114321  0.113886   \n",
      "12  0.298217  0.322470  0.088970  ...  0.282660  0.102798  0.098985  0.097990   \n",
      "13  0.307810  0.339837  0.100478  ...  0.289130  0.111959  0.110765  0.108308   \n",
      "32  0.133417  0.139640  0.187473  ...  0.092199  0.344810  0.374245  0.349043   \n",
      "33  0.125808  0.132132  0.184082  ...  0.088158  0.353083  0.376209  0.364156   \n",
      "34  0.138582  0.142857  0.187500  ...  0.099705  0.357290  0.370654  0.370427   \n",
      "\n",
      "          11        12        13        32        33        34  \n",
      "14  0.338983  0.323529  0.341847  0.123363  0.113665  0.122246  \n",
      "15  0.330998  0.308285  0.335766  0.135995  0.127673  0.136078  \n",
      "16  0.335753  0.312625  0.335849  0.132011  0.122462  0.131171  \n",
      "29  0.268765  0.231847  0.262376  0.215698  0.204980  0.219605  \n",
      "30  0.277992  0.247606  0.281541  0.198746  0.188967  0.207657  \n",
      "31  0.281888  0.245283  0.280472  0.212350  0.200943  0.213869  \n",
      "8   0.334356  0.295567  0.319749  0.125157  0.118096  0.129305  \n",
      "9   0.332326  0.298217  0.307810  0.133417  0.125808  0.138582  \n",
      "10  0.354531  0.322470  0.339837  0.139640  0.132132  0.142857  \n",
      "23  0.104672  0.088970  0.100478  0.187473  0.184082  0.187500  \n",
      "24  0.098840  0.084043  0.094866  0.183964  0.185490  0.183927  \n",
      "25  0.103179  0.086527  0.100912  0.187258  0.185307  0.188323  \n",
      "38  0.104966  0.086227  0.099715  0.360927  0.363263  0.371845  \n",
      "39  0.104914  0.088435  0.100390  0.365124  0.378464  0.364242  \n",
      "40  0.104789  0.087963  0.102052  0.365576  0.375287  0.371304  \n",
      "17  0.346380  0.354911  0.366460  0.105988  0.102498  0.118620  \n",
      "18  0.344000  0.355505  0.361522  0.103329  0.098582  0.112717  \n",
      "19  0.291667  0.333333  0.326241  0.085673  0.079893  0.093023  \n",
      "26  0.252315  0.228221  0.242925  0.219378  0.207881  0.224105  \n",
      "27  0.247492  0.215457  0.238365  0.224024  0.211712  0.228819  \n",
      "28  0.263711  0.226438  0.247045  0.222969  0.216791  0.233249  \n",
      "20  0.281188  0.310185  0.300420  0.100492  0.096606  0.108266  \n",
      "21  0.287726  0.315294  0.304904  0.091737  0.087776  0.099927  \n",
      "22  0.267347  0.282660  0.289130  0.092199  0.088158  0.099705  \n",
      "35  0.117684  0.102798  0.111959  0.344810  0.353083  0.357290  \n",
      "36  0.114321  0.098985  0.110765  0.374245  0.376209  0.370654  \n",
      "37  0.113886  0.097990  0.108308  0.349043  0.364156  0.370427  \n",
      "11  1.000000  0.587413  0.710956  0.132749  0.123982  0.139064  \n",
      "12  0.587413  1.000000  0.522145  0.111883  0.105093  0.113587  \n",
      "13  0.710956  0.522145  1.000000  0.128328  0.120482  0.137784  \n",
      "32  0.132749  0.111883  0.128328  1.000000  0.680495  0.578328  \n",
      "33  0.123982  0.105093  0.120482  0.680495  1.000000  0.648916  \n",
      "34  0.139064  0.113587  0.137784  0.578328  0.648916  1.000000  \n",
      "\n",
      "[33 rows x 33 columns]\n",
      "\n",
      "Label similarity, counts of common peaks\n",
      "     CAN   CS  LAB    PN   REG  RIP   RL  ROT    RU  SYL   TRI\n",
      "CAN  432  255  254   191   217  192  272  163   217  222   227\n",
      "CS   255  765  277   350   402  196  466  179   412  258   406\n",
      "LAB  254  277  591   213   255  204  277  170   237  254   249\n",
      "PN   191  350  213  1850   623  168  395  143   609  199   550\n",
      "REG  217  402  255   623  1912  168  436  154  1002  207   992\n",
      "RIP  192  196  204   168   168  338  202  168   164  202   176\n",
      "RL   272  466  277   395   436  202  867  185   423  259   449\n",
      "ROT  163  179  170   143   154  168  185  308   145  164   160\n",
      "RU   217  412  237   609  1002  164  423  145  1721  211   927\n",
      "SYL  222  258  254   199   207  202  259  164   211  429   224\n",
      "TRI  227  406  249   550   992  176  449  160   927  224  1615\n",
      "\n",
      "Label similarity, Jaccard indexes\n",
      "          CAN        CS       LAB        PN       REG       RIP        RL  \\\n",
      "CAN  1.000000  0.270701  0.330299  0.091344  0.102022  0.332180  0.264849   \n",
      "CS   0.270701  1.000000  0.256719  0.154525  0.176703  0.216097  0.399657   \n",
      "LAB  0.330299  0.256719  1.000000  0.095601  0.113434  0.281379  0.234547   \n",
      "PN   0.091344  0.154525  0.095601  1.000000  0.198471  0.083168  0.170112   \n",
      "REG  0.102022  0.176703  0.113434  0.198471  1.000000  0.080692  0.186086   \n",
      "RIP  0.332180  0.216097  0.281379  0.083168  0.080692  1.000000  0.201396   \n",
      "RL   0.264849  0.399657  0.234547  0.170112  0.186086  0.201396  1.000000   \n",
      "ROT  0.282496  0.200224  0.233196  0.070968  0.074540  0.351464  0.186869   \n",
      "RU   0.112087  0.198650  0.114217  0.205604  0.380844  0.086544  0.195381   \n",
      "SYL  0.347418  0.275641  0.331593  0.095673  0.097001  0.357522  0.249759   \n",
      "TRI  0.124725  0.205674  0.127236  0.188679  0.391321  0.099043  0.220856   \n",
      "\n",
      "          ROT        RU       SYL       TRI  \n",
      "CAN  0.282496  0.112087  0.347418  0.124725  \n",
      "CS   0.200224  0.198650  0.275641  0.205674  \n",
      "LAB  0.233196  0.114217  0.331593  0.127236  \n",
      "PN   0.070968  0.205604  0.095673  0.188679  \n",
      "REG  0.074540  0.380844  0.097001  0.391321  \n",
      "RIP  0.351464  0.086544  0.357522  0.099043  \n",
      "RL   0.186869  0.195381  0.249759  0.220856  \n",
      "ROT  1.000000  0.076964  0.286213  0.090754  \n",
      "RU   0.076964  1.000000  0.108819  0.384807  \n",
      "SYL  0.286213  0.108819  1.000000  0.123077  \n",
      "TRI  0.090754  0.384807  0.123077  1.000000  \n"
     ]
    }
   ],
   "source": [
    "print(sim_pos)"
   ]
  },
  {
   "cell_type": "code",
   "execution_count": 8,
   "metadata": {},
   "outputs": [
    {
     "name": "stdout",
     "output_type": "stream",
     "text": [
      "\n",
      "Sample similarity, counts of common peaks\n",
      "     14   15   16   29   30   31    8    9   10   23  ...   22   35   36   37  \\\n",
      "14  442  286  345  185  182  169  168  180  180   34  ...  144  135  134  147   \n",
      "15  286  319  222  120  117  107  144  158  156   25  ...  123  128  123  136   \n",
      "16  345  222  378  173  170  158  168  182  178   34  ...  108  130  128  141   \n",
      "29  185  120  173  674  637  588  143  151  150   87  ...  108  153  178  175   \n",
      "30  182  117  170  637  677  591  142  150  149   87  ...  110  155  182  179   \n",
      "31  169  107  158  588  591  628  128  135  135   86  ...  105  139  161  155   \n",
      "8   168  144  168  143  142  128  370  331  339  118  ...  114  141  113  148   \n",
      "9   180  158  182  151  150  135  331  402  371  110  ...  122  147  118  155   \n",
      "10  180  156  178  150  149  135  339  371  410  119  ...  118  144  115  153   \n",
      "23   34   25   34   87   87   86  118  110  119  350  ...   39   25   21   25   \n",
      "24   45   32   44   96   96   95  126  119  128  314  ...   50   33   29   32   \n",
      "25   45   32   44   98   98   97  127  119  128  326  ...   52   34   30   33   \n",
      "38  125  115  115  211  220  199  115  117  116   38  ...   80  188  215  212   \n",
      "39  116  106  108  209  220  197  108  112  111   39  ...   83  438  471  463   \n",
      "40  126  116  118  212  221  200  120  124  124   41  ...   84  447  477  473   \n",
      "17  150  139  127  115  114  105  144  151  150   30  ...  139  189  106  191   \n",
      "18  151  138  129  121  120  109  144  145  145   32  ...  149  185  105  187   \n",
      "19  150  134  129  126  126  115  160  163  163   34  ...  152  187  104  189   \n",
      "26  104   87   98  404  410  401  167  162  169  144  ...  105  116  139  140   \n",
      "27  109   94   99  366  370  369  105  110  106   59  ...  108  125  137  134   \n",
      "28  103   86   94  412  412  406  167  163  171  149  ...  110  118  137  136   \n",
      "20  154  132  107  108  110  105  110  120  114   36  ...  431   82   85   84   \n",
      "21  139  119   99   99  101   97  106  114  110   39  ...  394   72   75   74   \n",
      "22  144  123  108  108  110  105  114  122  118   39  ...  469   82   85   84   \n",
      "35  135  128  130  153  155  139  141  147  144   25  ...   82  798  628  733   \n",
      "36  134  123  128  178  182  161  113  118  115   21  ...   85  628  733  668   \n",
      "37  147  136  141  175  179  155  148  155  153   25  ...   84  733  668  838   \n",
      "11  203  159  198  190  186  177  224  235  227  114  ...  127  129  130  136   \n",
      "12  219  179  183  192  188  178  212  223  219  113  ...  152  115  113  121   \n",
      "13  227  184  192  187  184  173  232  245  238  112  ...  160  128  127  135   \n",
      "32  105   96   99  155  159  148   97  100  100   23  ...   80  362  359  360   \n",
      "33  141  139  140  164  175  141  119  127  126   19  ...   77  361  381  398   \n",
      "34  151  146  148  203  215  185  131  138  138   23  ...   87  270  289  304   \n",
      "\n",
      "     11   12   13   32   33   34  \n",
      "14  203  219  227  105  141  151  \n",
      "15  159  179  184   96  139  146  \n",
      "16  198  183  192   99  140  148  \n",
      "29  190  192  187  155  164  203  \n",
      "30  186  188  184  159  175  215  \n",
      "31  177  178  173  148  141  185  \n",
      "8   224  212  232   97  119  131  \n",
      "9   235  223  245  100  127  138  \n",
      "10  227  219  238  100  126  138  \n",
      "23  114  113  112   23   19   23  \n",
      "24  122  119  120   30   26   30  \n",
      "25  121  119  119   31   26   31  \n",
      "38  130  126  129  199  200  254  \n",
      "39  123  121  126  364  357  289  \n",
      "40  133  131  136  369  359  293  \n",
      "17  148  157  172   94   98  110  \n",
      "18  146  163  171   95   95  109  \n",
      "19  155  160  180   98   98  112  \n",
      "26  197  202  196  125  124  153  \n",
      "27  128  129  126  133  110  150  \n",
      "28  196  201  196  126  115  147  \n",
      "20  125  155  165   80   77   88  \n",
      "21  119  147  154   73   71   81  \n",
      "22  127  152  160   80   77   87  \n",
      "35  129  115  128  362  361  270  \n",
      "36  130  113  127  359  381  289  \n",
      "37  136  121  135  360  398  304  \n",
      "11  422  364  358  109  125  137  \n",
      "12  364  438  374  103  112  123  \n",
      "13  358  374  432  105  122  132  \n",
      "32  109  103  105  591  369  418  \n",
      "33  125  112  122  369  616  443  \n",
      "34  137  123  132  418  443  665  \n",
      "\n",
      "[33 rows x 33 columns]\n",
      "\n",
      "Sample similarity, Jaccard indexes\n",
      "          14        15        16        29        30        31         8  \\\n",
      "14  1.000000  0.602105  0.726316  0.198711  0.194237  0.187569  0.260870   \n",
      "15  0.602105  1.000000  0.467368  0.137457  0.133106  0.127381  0.264220   \n",
      "16  0.726316  0.467368  1.000000  0.196815  0.192090  0.186321  0.289655   \n",
      "29  0.198711  0.137457  0.196815  1.000000  0.892157  0.823529  0.158713   \n",
      "30  0.194237  0.133106  0.192090  0.892157  1.000000  0.827731  0.156906   \n",
      "31  0.187569  0.127381  0.186321  0.823529  0.827731  1.000000  0.147126   \n",
      "8   0.260870  0.264220  0.289655  0.158713  0.156906  0.147126  1.000000   \n",
      "9   0.271084  0.280639  0.304348  0.163243  0.161464  0.150838  0.750567   \n",
      "10  0.267857  0.272251  0.291803  0.160600  0.158849  0.149502  0.768707   \n",
      "23  0.044855  0.038820  0.048991  0.092850  0.092553  0.096413  0.196013   \n",
      "24  0.058215  0.048265  0.061972  0.100629  0.100313  0.104510  0.203226   \n",
      "25  0.057325  0.047407  0.060942  0.101660  0.101344  0.105550  0.201268   \n",
      "38  0.137212  0.144110  0.134189  0.199622  0.209324  0.194526  0.135453   \n",
      "39  0.094926  0.095582  0.092624  0.153564  0.162602  0.148455  0.093264   \n",
      "40  0.102356  0.103757  0.100426  0.153958  0.161196  0.148920  0.103004   \n",
      "17  0.198939  0.216511  0.178121  0.112635  0.111220  0.106599  0.209302   \n",
      "18  0.204885  0.220096  0.185612  0.121121  0.119641  0.112953  0.214286   \n",
      "19  0.197109  0.204893  0.179666  0.123894  0.123529  0.117108  0.235641   \n",
      "26  0.112554  0.106357  0.113164  0.471963  0.480657  0.493235  0.211660   \n",
      "27  0.132927  0.132022  0.129243  0.460377  0.465995  0.494638  0.139628   \n",
      "28  0.110634  0.104242  0.107306  0.482436  0.480747  0.498771  0.210063   \n",
      "20  0.203435  0.201220  0.144595  0.104348  0.106178  0.105847  0.150892   \n",
      "21  0.189116  0.188291  0.139241  0.098312  0.100198  0.100727  0.152299   \n",
      "22  0.187744  0.184962  0.146143  0.104348  0.106178  0.105847  0.157241   \n",
      "35  0.122172  0.129424  0.124283  0.115997  0.117424  0.108003  0.137293   \n",
      "36  0.128722  0.132400  0.130214  0.144833  0.148208  0.134167  0.114141   \n",
      "37  0.129744  0.133203  0.131163  0.130890  0.133982  0.118230  0.139623   \n",
      "11  0.307110  0.273196  0.328904  0.209713  0.203724  0.202749  0.394366   \n",
      "12  0.331316  0.309689  0.289100  0.208696  0.202805  0.200450  0.355705   \n",
      "13  0.350850  0.324515  0.310680  0.203482  0.198919  0.195039  0.407018   \n",
      "32  0.113147  0.117936  0.113793  0.139640  0.143372  0.138189  0.112269   \n",
      "33  0.153762  0.174623  0.163934  0.145648  0.156530  0.127833  0.137255   \n",
      "34  0.157950  0.174224  0.165363  0.178697  0.190772  0.166968  0.144912   \n",
      "\n",
      "           9        10        23  ...        22        35        36        37  \\\n",
      "14  0.271084  0.267857  0.044855  ...  0.187744  0.122172  0.128722  0.129744   \n",
      "15  0.280639  0.272251  0.038820  ...  0.184962  0.129424  0.132400  0.133203   \n",
      "16  0.304348  0.291803  0.048991  ...  0.146143  0.124283  0.130214  0.131163   \n",
      "29  0.163243  0.160600  0.092850  ...  0.104348  0.115997  0.144833  0.130890   \n",
      "30  0.161464  0.158849  0.092553  ...  0.106178  0.117424  0.148208  0.133982   \n",
      "31  0.150838  0.149502  0.096413  ...  0.105847  0.108003  0.134167  0.118230   \n",
      "8   0.750567  0.768707  0.196013  ...  0.157241  0.137293  0.114141  0.139623   \n",
      "9   1.000000  0.841270  0.171340  ...  0.162884  0.139601  0.116028  0.142857   \n",
      "10  0.841270  1.000000  0.185647  ...  0.155059  0.135338  0.111868  0.139726   \n",
      "23  0.171340  0.185647  1.000000  ...  0.050000  0.022262  0.019774  0.021496   \n",
      "24  0.180577  0.194529  0.762136  ...  0.062893  0.028922  0.026852  0.027073   \n",
      "25  0.177347  0.191045  0.791262  ...  0.064596  0.029514  0.027498  0.027661   \n",
      "38  0.133106  0.130631  0.041943  ...  0.081384  0.156146  0.193345  0.173770   \n",
      "39  0.094435  0.092887  0.032312  ...  0.064743  0.348726  0.406736  0.364280   \n",
      "40  0.103940  0.103247  0.033497  ...  0.064615  0.353081  0.407344  0.369531   \n",
      "17  0.211781  0.207756  0.038363  ...  0.175505  0.176471  0.097337  0.172227   \n",
      "18  0.206259  0.203938  0.041885  ...  0.194517  0.174693  0.097765  0.170465   \n",
      "19  0.230226  0.227654  0.043312  ...  0.193384  0.173148  0.094718  0.169052   \n",
      "26  0.196126  0.204353  0.181818  ...  0.110526  0.091483  0.117797  0.109034   \n",
      "27  0.141207  0.134008  0.075835  ...  0.127358  0.107759  0.126500  0.112510   \n",
      "28  0.196149  0.205776  0.187894  ...  0.115668  0.092767  0.115320  0.105100   \n",
      "20  0.159787  0.149020  0.045977  ...  0.850099  0.069198  0.076097  0.068684   \n",
      "21  0.158333  0.150273  0.052490  ...  0.777120  0.062176  0.068807  0.061873   \n",
      "22  0.162884  0.155059  0.050000  ...  1.000000  0.069198  0.076097  0.068684   \n",
      "35  0.139601  0.135338  0.022262  ...  0.069198  1.000000  0.695460  0.811739   \n",
      "36  0.116028  0.111868  0.019774  ...  0.076097  0.695460  1.000000  0.739756   \n",
      "37  0.142857  0.139726  0.021496  ...  0.068684  0.811739  0.739756  1.000000   \n",
      "11  0.398981  0.375207  0.173252  ...  0.166230  0.118240  0.126829  0.120996   \n",
      "12  0.361426  0.348172  0.167407  ...  0.201325  0.102587  0.106805  0.104762   \n",
      "13  0.415959  0.394040  0.167164  ...  0.215924  0.116152  0.122351  0.118943   \n",
      "32  0.111982  0.110988  0.025054  ...  0.081633  0.352483  0.372021  0.336763   \n",
      "33  0.142536  0.140000  0.020063  ...  0.076389  0.342830  0.393595  0.376894   \n",
      "34  0.148547  0.147279  0.023185  ...  0.083095  0.226320  0.260595  0.253545   \n",
      "\n",
      "          11        12        13        32        33        34  \n",
      "14  0.307110  0.331316  0.350850  0.113147  0.153762  0.157950  \n",
      "15  0.273196  0.309689  0.324515  0.117936  0.174623  0.174224  \n",
      "16  0.328904  0.289100  0.310680  0.113793  0.163934  0.165363  \n",
      "29  0.209713  0.208696  0.203482  0.139640  0.145648  0.178697  \n",
      "30  0.203724  0.202805  0.198919  0.143372  0.156530  0.190772  \n",
      "31  0.202749  0.200450  0.195039  0.138189  0.127833  0.166968  \n",
      "8   0.394366  0.355705  0.407018  0.112269  0.137255  0.144912  \n",
      "9   0.398981  0.361426  0.415959  0.111982  0.142536  0.148547  \n",
      "10  0.375207  0.348172  0.394040  0.110988  0.140000  0.147279  \n",
      "23  0.173252  0.167407  0.167164  0.025054  0.020063  0.023185  \n",
      "24  0.180473  0.171223  0.174419  0.032017  0.026915  0.029674  \n",
      "25  0.175617  0.168317  0.169757  0.032700  0.026585  0.030333  \n",
      "38  0.146727  0.139073  0.143813  0.201826  0.198020  0.252736  \n",
      "39  0.102929  0.099753  0.104825  0.324132  0.309091  0.227201  \n",
      "40  0.110465  0.107201  0.112304  0.324538  0.306314  0.227661  \n",
      "17  0.201087  0.211306  0.238227  0.098019  0.100000  0.108161  \n",
      "18  0.202216  0.226075  0.241867  0.100849  0.098242  0.108782  \n",
      "19  0.210598  0.214190  0.249653  0.101871  0.099291  0.109589  \n",
      "26  0.242910  0.245742  0.238443  0.118821  0.115028  0.139344  \n",
      "27  0.163892  0.162060  0.158890  0.140741  0.110775  0.149701  \n",
      "28  0.239609  0.242461  0.236715  0.119205  0.105215  0.132432  \n",
      "20  0.163185  0.206117  0.224185  0.081633  0.076389  0.084130  \n",
      "21  0.161905  0.203320  0.216901  0.076842  0.072671  0.079724  \n",
      "22  0.166230  0.201325  0.215924  0.081633  0.076389  0.083095  \n",
      "35  0.118240  0.102587  0.116152  0.352483  0.342830  0.226320  \n",
      "36  0.126829  0.106805  0.122351  0.372021  0.393595  0.260595  \n",
      "37  0.120996  0.104762  0.118943  0.336763  0.376894  0.253545  \n",
      "11  1.000000  0.733871  0.721774  0.120575  0.136911  0.144211  \n",
      "12  0.733871  1.000000  0.754032  0.111231  0.118896  0.125510  \n",
      "13  0.721774  0.754032  1.000000  0.114379  0.131749  0.136788  \n",
      "32  0.120575  0.111231  0.114379  1.000000  0.440334  0.498807  \n",
      "33  0.136911  0.118896  0.131749  0.440334  1.000000  0.528640  \n",
      "34  0.144211  0.125510  0.136788  0.498807  0.528640  1.000000  \n",
      "\n",
      "[33 rows x 33 columns]\n",
      "\n",
      "Label similarity, counts of common peaks\n",
      "     CAN   CS  LAB   PN  REG  RIP   RL  ROT   RU  SYL  TRI\n",
      "CAN  475  188  196   46  131  176  116  158  153  248  157\n",
      "CS   188  714  157  103  240  136  457  112  195  199  230\n",
      "LAB  196  157  441  132  129  189  185  128  157  257  144\n",
      "PN    46  103  132  412   56   46  167   52   34  127   36\n",
      "REG  131  240  129   56  957  129  206   86  495  143  452\n",
      "RIP  176  136  189   46  129  540  127  175  203  209  122\n",
      "RL   116  457  185  167  206  127  655  120  161  219  180\n",
      "ROT  158  112  128   52   86  175  120  507   88  175   90\n",
      "RU   153  195  157   34  495  203  161   88  903  142  463\n",
      "SYL  248  199  257  127  143  209  219  175  142  496  144\n",
      "TRI  157  230  144   36  452  122  180   90  463  144  838\n",
      "\n",
      "Label similarity, Jaccard indexes\n",
      "          CAN        CS       LAB        PN       REG       RIP        RL  \\\n",
      "CAN  1.000000  0.187812  0.272222  0.054697  0.100692  0.209774  0.114398   \n",
      "CS   0.187812  1.000000  0.157315  0.100684  0.167715  0.121646  0.501096   \n",
      "LAB  0.272222  0.157315  1.000000  0.183079  0.101655  0.238636  0.203074   \n",
      "PN   0.054697  0.100684  0.183079  1.000000  0.042650  0.050773  0.185556   \n",
      "REG  0.100692  0.167715  0.101655  0.042650  1.000000  0.094298  0.146515   \n",
      "RIP  0.209774  0.121646  0.238636  0.050773  0.094298  1.000000  0.118914   \n",
      "RL   0.114398  0.501096  0.203074  0.185556  0.146515  0.118914  1.000000   \n",
      "ROT  0.191748  0.100992  0.156098  0.059977  0.062409  0.200688  0.115163   \n",
      "RU   0.124898  0.137131  0.132266  0.026542  0.362637  0.163710  0.115247   \n",
      "SYL  0.343015  0.196835  0.377941  0.162612  0.109160  0.252721  0.234979   \n",
      "TRI  0.135813  0.173979  0.126872  0.029654  0.336560  0.097134  0.137091   \n",
      "\n",
      "          ROT        RU       SYL       TRI  \n",
      "CAN  0.191748  0.124898  0.343015  0.135813  \n",
      "CS   0.100992  0.137131  0.196835  0.173979  \n",
      "LAB  0.156098  0.132266  0.377941  0.126872  \n",
      "PN   0.059977  0.026542  0.162612  0.029654  \n",
      "REG  0.062409  0.362637  0.109160  0.336560  \n",
      "RIP  0.200688  0.163710  0.252721  0.097134  \n",
      "RL   0.115163  0.115247  0.234979  0.137091  \n",
      "ROT  1.000000  0.066566  0.211353  0.071713  \n",
      "RU   0.066566  1.000000  0.112967  0.362285  \n",
      "SYL  0.211353  0.112967  1.000000  0.121008  \n",
      "TRI  0.071713  0.362285  0.121008  1.000000  \n"
     ]
    }
   ],
   "source": [
    "print(sim_neg)"
   ]
  },
  {
   "cell_type": "markdown",
   "metadata": {},
   "source": [
    "### Clustermap peak list function"
   ]
  },
  {
   "cell_type": "code",
   "execution_count": 9,
   "metadata": {},
   "outputs": [],
   "source": [
    "def clustermap_peak_list(aligned):\n",
    "    aligned_01 = aligned.copy()\n",
    "    aligned_01[aligned_01.notnull()] = 1\n",
    "    aligned_01[aligned_01.isnull()] = 0\n",
    "    aligned_01.columns = aligned_01.cdl.samples\n",
    "\n",
    "    ulabels = aligned.cdl.unique_labels\n",
    "    n = len(ulabels)\n",
    "    \n",
    "    p = sns.color_palette() + sns.color_palette(\"Set1\", n_colors=n-10, desat=.5)\n",
    "    sample_to_labels = pd.Series(aligned.cdl.labels, index=aligned.cdl.samples)\n",
    "    label_colors = pd.Series(p, index=ulabels)\n",
    "    sample_colors = sample_to_labels.map(label_colors)\n",
    "    \n",
    "    g = sns.clustermap(aligned_01, metric=\"jaccard\", figsize=(15, 20), \n",
    "                       row_cluster=False,\n",
    "                       col_colors=sample_colors,\n",
    "                       yticklabels=False)\n",
    "    # fix bug in seaborn, error in clustermap if cbar == False\n",
    "    ax=g.cax; aax=ax.clear(); aax = ax.axis('off'); \n",
    "\n",
    "    # draw legend\n",
    "    lpatches = [mpatches.Patch(color=c, label=lbl) for (lbl, c) in label_colors.iteritems()]\n",
    "    leg = plt.legend(handles=lpatches, fontsize=20)\n",
    "    return g\n",
    "    "
   ]
  },
  {
   "cell_type": "code",
   "execution_count": 10,
   "metadata": {},
   "outputs": [
    {
     "name": "stdout",
     "output_type": "stream",
     "text": [
      "Sample HC, NEGATIVE mode\n"
     ]
    },
    {
     "data": {
